#	Date	LTP	% Change	High	Low	Open	Qty.	Turnover
1	2024/03/12	637.00	5.99	637.00	590.00	612.90	23,974	14,743,495.70
2	2024/03/10	601.00	0.67	612.00	590.10	608.00	8,404	5,083,821.90
3	2024/03/07	597.00	0.34	606.00	585.00	605.90	8,354	4,937,209.00
4	2024/03/06	595.00	1.69	606.00	579.00	586.10	17,089	10,095,005.50
5	2024/03/05	585.10	-2.65	613.00	585.10	613.00	9,558	5,651,228.00
6	2024/03/04	601.00	5.48	601.00	581.00	581.00	50	29,586.00
7	2024/03/03	569.80	0.14	581.40	559.00	561.00	6,485	3,685,952.50
8	2024/02/29	569.00	-3.07	590.00	568.40	577.50	7,700	4,427,887.00
9	2024/02/28	587.00	-0.51	593.60	580.00	582.00	5,200	3,037,821.00
10	2024/02/27	590.00	0.53	597.70	571.00	578.10	5,057	2,930,949.00
11	2024/02/26	586.90	0.84	588.00	573.00	573.00	5,939	3,443,054.50
12	2024/02/25	582.00	-2.12	610.40	575.30	590.00	14,293	8,356,521.30
13	2024/02/22	594.60	-1.39	605.00	580.40	592.20	15,286	9,032,348.80
14	2024/02/21	603.00	-2.74	632.40	600.00	632.40	14,902	9,046,679.70
15	2024/02/20	620.00	0.65	624.00	600.00	613.00	21,833	13,319,122.70
16	2024/02/18	616.00	-0.32	625.00	613.00	614.00	19,677	12,159,491.80
17	2024/02/15	618.00	-2.69	642.20	618.00	633.00	14,340	8,974,079.90
18	2024/02/14	635.10	0.02	646.00	625.10	646.00	9,674	6,122,079.00
19	2024/02/13	635.00	-1.55	645.00	627.00	645.00	17,354	11,026,219.00
20	2024/02/12	645.00	-0.31	655.00	640.10	647.00	6,339	4,102,812.40
21	2024/02/11	647.00	-1.97	662.90	642.60	660.00	12,063	7,846,678.50
22	2024/02/08	660.00	0.92	666.00	641.40	641.40	9,640	6,329,916.50
23	2024/02/07	654.00	0.77	658.10	643.10	643.10	9,789	6,384,144.00
24	2024/02/06	649.00	0.31	654.30	640.00	640.00	5,356	3,469,913.10
25	2024/02/05	647.00	0.94	666.00	635.00	641.00	8,599	5,524,627.00
26	2024/02/04	641.00	-2.58	658.00	636.20	646.00	8,985	5,798,964.50
27	2024/02/01	658.00	-1.2	669.90	649.10	663.50	24,416	16,033,429.20
28	2024/01/31	666.00	0.99	690.00	665.00	671.00	66,196	44,724,543.90
29	2024/01/30	659.50	2.26	682.00	635.10	635.10	34,921	22,809,806.00
30	2024/01/29	644.90	-0.02	657.90	633.00	635.20	14,739	9,389,222.70
31	2024/01/28	645.00	-0.42	657.00	632.10	635.00	14,008	9,005,094.10
32	2024/01/25	647.70	-1.71	663.00	633.00	650.00	10,842	6,944,448.00
33	2024/01/24	659.00	-2.37	687.40	645.60	687.40	22,243	14,673,490.00
34	2024/01/23	675.00	4.98	677.00	633.00	644.00	17,646	11,580,105.30
35	2024/01/22	643.00	0.47	653.50	632.20	639.00	15,635	10,017,657.20
36	2024/01/21	640.00	-2.33	660.00	632.00	642.30	17,070	11,013,233.60
37	2024/01/18	655.30	-1.46	668.00	646.00	660.00	14,621	9,573,045.00
38	2024/01/17	665.00	-1.7	684.90	653.80	675.00	25,055	16,738,077.60
39	2024/01/16	676.50	0.24	690.90	675.00	675.00	22,849	15,600,158.30
40	2024/01/14	674.90	0.69	693.60	662.10	680.00	10,839	7,312,652.60
41	2024/01/11	670.30	-1.72	694.00	670.00	682.00	9,835	6,655,162.50
42	2024/01/10	682.00	-1.04	715.00	671.00	675.50	18,896	12,872,544.20
43	2024/01/09	689.20	0.61	722.00	685.00	692.00	63,932	45,216,457.40
44	2024/01/08	685.00	2.7	689.50	655.10	655.10	11,856	8,085,017.30
45	2024/01/07	667.00	-1.04	693.00	666.50	687.00	29,705	19,855,141.50
46	2024/01/04	674.00	-2.02	700.00	674.00	700.00	16,216	11,079,186.50
47	2024/01/03	687.90	0.72	696.00	670.00	680.00	15,021	10,262,381.50
48	2024/01/02	683.00	-3.53	722.10	680.00	722.10	23,063	16,027,677.20
49	2024/01/01	708.00	1.59	719.00	691.00	696.90	27,342	19,271,498.80
50	2023/12/28	696.90	-0.27	710.00	680.10	690.00	15,924	10,983,988.60
51	2023/12/27	698.80	0.69	707.00	685.10	690.20	17,575	12,204,672.40
52	2023/12/24	694.00	1.02	739.00	678.00	685.00	71,383	50,820,918.40
53	2023/12/21	687.00	-4.58	729.00	687.00	729.00	38,534	26,968,730.00
54	2023/12/20	720.00	-0.95	747.00	712.40	712.40	54,276	39,782,937.20
55	2023/12/19	726.90	9.49	730.20	651.00	651.00	83,015	58,754,116.10
56	2023/12/18	663.90	5.73	670.00	616.00	616.00	41,253	26,949,001.80
57	2023/12/17	627.90	2.93	630.00	592.00	597.80	22,256	13,701,502.10
58	2023/12/14	610.00	-0.81	620.00	602.80	603.10	16,645	10,148,631.40
59	2023/12/13	615.00	-0.81	637.70	611.00	620.00	20,914	12,998,207.40
60	2023/12/12	620.00	5.44	626.00	565.50	577.00	48,431	29,253,306.50
61	2023/12/11	588.00	-0.84	604.80	575.00	604.80	42,426	24,750,072.70
62	2023/12/10	593.00	7.43	593.00	557.00	563.00	4,970	2,804,629.00
63	2023/12/07	552.00	0.91	569.00	542.40	545.00	8,628	4,822,902.10
64	2023/12/06	547.00	-0.74	556.00	540.20	540.20	6,350	3,490,708.00
65	2023/12/05	551.10	-1.76	571.00	550.00	551.20	3,032	1,681,805.00
66	2023/12/04	561.00	0.9	575.00	549.00	555.00	10,684	6,048,004.50
67	2023/12/03	556.00	-0.54	560.00	550.00	550.10	2,371	1,319,533.10
68	2023/11/30	559.00	-1.62	566.00	552.80	558.50	9,154	5,106,931.80
69	2023/11/29	568.20	-1.01	609.00	566.00	574.00	16,853	9,856,579.40
70	2023/11/28	574.00	2.87	600.00	547.10	547.10	16,293	9,325,104.10
71	2023/11/27	558.00	2.01	567.00	545.00	547.00	11,888	6,592,066.00
72	2023/11/26	547.00	2.05	564.00	529.00	536.00	18,146	9,998,425.70
73	2023/11/23	536.00	0.75	542.00	515.00	522.00	5,328	2,839,622.00
74	2023/11/22	532.00	4.52	532.80	503.70	509.00	3,610	1,891,131.00
75	2023/11/21	509.00	-3.94	550.80	509.00	529.00	7,002	3,692,549.00
76	2023/11/20	529.90	-2.27	550.00	525.00	542.20	9,553	5,102,669.50
77	2023/11/09	542.20	-4.71	571.90	542.20	558.00	17,032	9,370,750.00
78	2023/11/08	569.00	-0.33	575.00	537.50	559.50	8,084	4,542,023.50
79	2023/11/07	570.90	1.96	580.00	550.00	550.00	12,422	7,018,547.10
80	2023/11/06	559.90	5.66	560.00	521.30	530.00	18,615	10,184,128.10
81	2023/11/05	529.90	0.45	530.40	508.00	518.00	7,688	3,995,744.00
82	2023/11/02	527.50	2.51	528.30	507.10	507.10	8,116	4,180,831.30
83	2023/11/01	514.60	-3.09	552.20	511.00	520.40	4,755	2,498,369.80
84	2023/10/31	531.00	0.76	531.00	510.00	516.60	4,394	2,257,370.00
85	2023/10/30	527.00	-0.53	529.00	509.00	519.30	1,964	1,019,828.00
86	2023/10/29	529.80	-4.37	549.00	519.30	543.00	16,955	8,998,940.20
87	2023/10/19	554.00	0.73	560.00	539.10	539.10	8,174	4,493,729.50
88	2023/10/18	550.00	0.18	576.30	540.20	559.90	10,625	5,906,934.60
89	2023/10/17	549.00	-2.63	574.30	540.40	553.20	11,098	6,163,769.10
90	2023/10/16	563.80	-3.62	579.00	563.80	575.30	4,761	2,703,098.50
91	2023/10/12	585.00	-9.09	630.70	579.20	630.70	25,946	15,252,438.00
92	2023/10/11	643.50	10	643.50	583.00	584.00	6,976	4,160,143.40
93	2023/10/10	585.00	-3.78	608.00	582.10	595.90	4,175	2,467,873.00
94	2023/10/09	608.00	0.02	612.00	600.00	600.00	4,821	2,908,169.10
95	2023/10/08	607.90	-1.95	615.00	606.00	615.00	5,824	3,544,530.00
96	2023/10/05	620.00	-0.48	621.00	613.10	613.10	3,443	2,127,483.00
97	2023/10/04	623.00	0.65	630.90	611.20	616.00	4,100	2,557,536.10
98	2023/10/03	619.00	-1.43	638.00	615.00	638.00	6,450	3,990,890.10
99	2023/10/02	628.00	-0.29	639.90	612.10	639.90	12,344	7,708,203.60
100	2023/10/01	629.80	-2.36	648.00	620.00	633.10	12,258	7,686,389.00
101	2023/09/27	645.00	-1.07	659.00	637.00	650.00	26,699	17,197,488.10
102	2023/09/26	652.00	0.29	661.90	650.10	656.00	13,716	8,998,818.90
103	2023/09/25	650.10	-1.5	665.00	647.10	647.10	9,905	6,483,734.00
104	2023/09/24	660.00	-1.05	674.00	652.00	659.00	8,748	5,793,341.00
105	2023/09/21	667.00	1.69	677.00	656.30	669.00	21,181	14,166,165.00
106	2023/09/19	655.90	0.14	668.00	645.00	660.00	9,890	6,441,635.60
107	2023/09/18	655.00	0.32	663.00	646.00	647.00	2,878	1,886,212.60
108	2023/09/17	652.90	-3.27	670.00	648.00	662.00	13,600	8,925,464.00
109	2023/09/13	675.00	2.43	683.40	657.10	670.00	8,740	5,860,060.00
110	2023/09/12	659.00	-2.51	675.00	655.00	670.10	9,137	6,058,767.00
111	2023/09/11	676.00	2.27	677.00	655.00	655.00	10,033	6,722,258.70
112	2023/09/10	661.00	0.9	694.00	658.10	665.00	7,449	4,993,268.40
113	2023/09/07	655.10	-2.08	670.00	655.00	660.10	8,107	5,347,816.90
114	2023/09/05	669.00	-1.47	678.00	661.00	678.00	14,198	9,456,406.70
115	2023/09/04	679.00	-0.21	690.00	666.80	666.80	14,863	10,021,158.80
116	2023/09/03	680.40	-10	740.90	680.40	740.90	54,143	37,402,780.20
117	2023/08/30	756.00	9.88	756.00	670.10	675.00	26,306	18,241,041.80
118	2023/08/29	688.00	-1.71	695.00	667.00	686.00	17,851	12,099,324.90
119	2023/08/28	700.00	4.48	703.80	657.30	661.20	23,937	16,027,554.20
120	2023/08/27	668.90	-1.34	675.00	665.00	670.00	11,822	8,020,670.00
121	2023/08/24	678.00	-3.07	700.00	677.00	698.00	15,454	10,612,979.20
122	2023/08/23	699.50	0.94	704.00	685.00	685.00	22,771	15,846,533.40
123	2023/08/22	693.00	1.17	693.00	680.90	685.00	9,222	6,318,278.10
124	2023/08/21	685.00	-0.48	698.50	680.40	680.40	8,873	6,073,287.40
125	2023/08/20	688.30	-3.42	710.00	688.30	701.00	12,734	8,890,027.70
126	2023/08/17	712.70	3.29	713.80	680.00	680.00	23,199	16,263,750.30
127	2023/08/16	690.00	-0.45	693.00	680.00	685.00	17,406	11,915,598.10
128	2023/08/15	693.10	-2.65	705.00	686.00	697.80	41,263	28,626,139.80
129	2023/08/14	712.00	-1.11	730.00	709.00	711.00	24,937	17,906,321.90
130	2023/08/13	720.00	1.91	730.00	701.10	701.10	39,511	28,442,911.80
131	2023/08/10	706.50	2.39	729.50	680.00	680.00	45,639	32,532,987.80
132	2023/08/09	690.00	1.77	690.00	671.00	678.00	13,669	9,286,428.20
133	2023/08/08	678.00	-1.02	696.00	678.00	678.00	17,741	12,149,941.30
134	2023/08/07	685.00	-0.72	707.00	680.00	682.00	11,376	7,868,917.50
135	2023/08/06	690.00	-2.28	703.00	685.00	700.00	30,666	21,256,566.80
136	2023/08/03	706.10	-1.24	743.80	705.00	729.00	23,273	16,659,218.30
137	2023/08/02	715.00	1.85	744.90	694.00	716.00	20,705	14,700,730.00
138	2023/08/01	702.00	-2.5	731.00	696.10	730.00	29,963	21,303,917.90
139	2023/07/31	720.00	-0.28	744.00	716.30	718.00	44,320	32,293,229.40
140	2023/07/30	722.00	-0.69	734.00	715.10	715.10	34,251	24,764,748.30
141	2023/07/27	727.00	-4.09	759.00	725.00	758.00	52,373	38,868,664.30
142	2023/07/26	758.00	1.96	782.50	730.00	740.00	60,581	46,383,052.70
143	2023/07/25	743.40	7.74	754.00	690.00	690.00	89,503	64,925,330.50
144	2023/07/24	690.00	-1.85	718.00	690.00	703.00	43,206	30,426,333.20
145	2023/07/23	703.00	4.46	711.10	662.00	662.00	43,400	30,162,346.80
146	2023/07/20	673.00	-1.17	689.00	670.00	680.00	35,863	24,279,836.50
147	2023/07/19	681.00	-0.44	691.00	678.00	678.00	24,277	16,631,191.00
148	2023/07/18	684.00	-1.44	704.00	682.10	695.00	35,422	24,542,790.50
149	2023/07/17	694.00	2.04	701.70	675.20	680.00	27,694	19,195,434.20
150	2023/07/16	680.10	-2.3	710.00	680.00	695.00	35,142	24,243,439.80
151	2023/07/13	696.10	0.88	725.00	680.00	680.00	48,946	34,570,510.40
152	2023/07/12	690.00	0.58	692.00	673.00	675.00	33,430	22,821,111.80
153	2023/07/11	686.00	-1.31	715.00	671.00	685.00	58,697	40,357,844.00
154	2023/07/10	695.10	-6.26	740.00	695.00	726.70	126,319	90,162,762.10
155	2023/07/09	741.50	9.51	744.00	650.00	690.60	62,258	44,747,371.80
156	2023/07/06	677.10	9.99	677.10	591.00	627.90	231,095	147,361,945.70
157	2023/07/05	615.60	9.99	615.60	570.80	570.80	9,080	5,585,798.80
158	2023/07/04	559.70	9.98	559.70	519.00	519.00	7,617	4,261,095.30
159	2023/07/03	508.90	9.98	508.90	471.00	471.00	6,980	3,549,917.90
160	2023/07/02	462.70	9.98	462.70	429.00	429.00	3,300	1,523,889.10
161	2023/06/28	420.70	9.99	420.70	390.10	390.10	2,020	848,981.20
162	2023/06/27	382.50	9.98	382.50	350.80	350.80	1,170	446,232.50
163	2023/06/26	347.80	9.99	347.80	315.00	315.00	1,571	545,021.40
164	2023/06/25	316.20	9.98	316.20	293.20	293.20	1,379	435,131.00
165	2023/06/22	287.50	9.98	287.50	265.00	265.00	650	185,994.80
166	2023/06/21	261.40	9.97	261.40	242.40	242.40	411	106,550.30
167	2023/06/20	237.70	10	237.70	220.40	220.40	379	89,407.70
168	2023/06/19	216.10	9.97	216.10	193.30	193.30	370	79,108.80
169	2023/06/18	196.50	9.96	196.50	182.20	182.20	240	46,418.80
170	2023/06/15	178.70	9.97	178.70	165.70	165.70	122	21,388.80
171	2023/06/14	162.50	9.95	162.50	147.80	147.80	167	26,066.50
172	2023/06/13	147.80	9.97	147.80	135.70	135.70	201	28,811.20
173	2023/06/12	134.40	9.98	134.40	120.80	120.80	279	35,902.70
174	2023/06/11	122.20	0	122.20	111.10	111.10	376	44,410.10