#	Date	LTP	% Change	High	Low	Open	Qty.	Turnover
1	2024/03/12	830.00	4.27	830.00	800.00	811.00	8,195	6,699,620.50
2	2024/03/10	796.00	1.4	805.00	781.10	800.00	4,568	3,648,723.00
3	2024/03/07	785.00	0.38	795.00	762.00	793.00	2,584	2,016,886.60
4	2024/03/06	782.00	-0.13	805.00	768.10	768.10	7,077	5,586,092.00
5	2024/03/05	783.00	-0.76	804.70	775.00	804.70	6,868	5,402,351.50
6	2024/03/04	789.00	4.14	789.00	772.70	772.70	255	198,741.00
7	2024/03/03	757.60	-4.46	780.00	757.60	778.10	5,511	4,244,024.00
8	2024/02/29	793.00	0	793.00	766.00	785.00	3,616	2,815,994.00
9	2024/02/28	793.00	4.89	793.00	757.10	760.00	6,055	4,724,968.50
10	2024/02/27	756.00	-4.3	791.00	755.00	790.00	4,779	3,683,155.50
11	2024/02/26	790.00	5.61	790.00	735.00	735.00	4,550	3,488,352.50
12	2024/02/25	748.00	-2.22	761.00	742.00	752.00	5,315	3,997,053.50
13	2024/02/22	765.00	-0.78	775.00	758.20	758.20	4,118	3,155,344.00
14	2024/02/21	771.00	-3.02	789.00	770.40	785.00	5,121	3,982,124.20
15	2024/02/20	795.00	-0.13	795.00	783.10	783.10	3,315	2,613,907.30
16	2024/02/18	796.00	-0.75	810.00	785.00	800.10	6,305	5,001,890.80
17	2024/02/15	802.00	-0.66	819.70	800.00	803.00	8,044	6,474,230.60
18	2024/02/14	807.30	-2.73	845.00	807.00	845.00	3,170	2,576,364.00
19	2024/02/13	830.00	-0.24	830.00	800.70	820.00	7,667	6,236,457.90
20	2024/02/12	832.00	2.78	836.00	817.00	820.00	5,854	4,813,333.60
21	2024/02/11	809.50	-2.26	830.00	807.00	825.00	4,528	3,691,962.60
22	2024/02/08	828.20	0.51	828.20	811.00	817.10	2,527	2,070,463.90
23	2024/02/07	824.00	0.49	830.00	812.10	812.10	3,221	2,634,465.80
24	2024/02/06	820.00	1.23	820.00	807.10	807.10	2,760	2,247,357.00
25	2024/02/05	810.00	0.72	820.20	801.00	801.00	2,050	1,662,808.50
26	2024/02/04	804.20	-0.72	826.20	801.00	801.00	3,633	2,942,796.30
27	2024/02/01	810.00	-2.64	829.90	810.00	816.10	6,913	5,674,989.00
28	2024/01/31	832.00	-2.09	849.90	828.90	833.00	5,200	4,353,969.00
29	2024/01/30	849.80	1.72	855.00	823.20	850.00	11,555	9,699,750.80
30	2024/01/29	835.40	-1.02	856.00	830.00	836.00	4,241	3,565,649.50
31	2024/01/28	844.00	-1.76	859.00	827.00	842.10	7,992	6,716,323.00
32	2024/01/25	859.10	-1.12	885.00	858.00	875.00	6,752	5,852,611.00
33	2024/01/24	868.80	1.02	892.00	846.00	877.00	21,788	19,072,644.20
34	2024/01/23	857.60	4.6	867.90	813.00	832.00	20,355	17,225,525.70
35	2024/01/22	819.90	0.11	836.00	809.00	809.00	5,550	4,558,116.10
36	2024/01/21	819.00	-2.15	853.70	819.00	853.70	11,777	9,732,769.00
37	2024/01/18	837.00	-1.53	848.10	830.00	840.00	7,914	6,650,507.10
38	2024/01/17	850.00	-2.31	876.00	845.10	870.10	15,343	13,218,958.20
39	2024/01/16	870.10	0.36	884.00	852.00	852.00	12,137	10,596,503.50
40	2024/01/14	867.00	0.81	875.00	855.00	855.00	7,399	6,411,342.50
41	2024/01/11	860.00	-0.92	872.00	851.20	860.10	6,498	5,588,466.50
42	2024/01/10	860.10	-2.7	888.00	860.10	885.00	6,472	5,643,312.10
43	2024/01/09	884.00	1.86	887.30	852.60	885.20	10,347	9,064,028.70
44	2024/01/08	867.90	2.12	870.00	851.10	852.00	6,288	5,422,305.80
45	2024/01/07	849.90	-1.63	864.00	843.10	851.00	4,788	4,068,428.10
46	2024/01/04	864.00	-1.37	893.00	851.70	880.00	10,262	8,834,466.80
47	2024/01/03	876.00	2.46	877.00	841.00	841.20	5,353	4,587,850.80
48	2024/01/02	855.00	-1.04	879.70	845.00	862.50	7,673	6,561,941.60
49	2024/01/01	864.00	-1.03	890.00	863.10	880.00	8,004	6,998,977.00
50	2023/12/28	873.00	1.04	885.00	850.00	850.00	8,090	7,041,013.00
51	2023/12/27	864.00	-1.93	897.00	856.10	897.00	6,757	5,880,273.00
52	2023/12/24	881.00	-1.01	905.00	870.20	895.00	9,929	8,791,416.00
53	2023/12/21	890.00	-3.99	939.00	880.00	911.10	14,142	12,714,159.00
54	2023/12/20	927.00	-0.65	948.00	914.50	945.00	18,889	17,486,604.10
55	2023/12/19	933.10	4.84	945.00	873.00	900.00	20,727	18,914,544.00
56	2023/12/18	890.00	0.56	910.00	870.20	901.00	23,940	21,408,063.40
57	2023/12/17	885.00	3.51	885.00	821.20	837.90	13,974	12,061,773.40
58	2023/12/14	855.00	-1.16	863.90	841.00	850.00	4,376	3,724,656.00
59	2023/12/13	865.00	-1.03	891.40	845.00	891.40	6,237	5,422,605.50
60	2023/12/12	874.00	4.05	876.00	825.00	856.80	11,386	9,777,806.40
61	2023/12/11	840.00	-2.72	880.70	814.00	880.70	12,167	10,331,679.20
62	2023/12/10	863.50	10	863.50	800.00	800.00	1,240	1,035,923.00
63	2023/12/07	785.00	0	795.00	754.70	770.00	4,112	3,212,596.30
64	2023/12/06	785.00	0.9	789.00	762.00	763.00	1,403	1,081,404.70
65	2023/12/05	778.00	-1.27	788.50	761.50	773.00	2,580	1,990,660.50
66	2023/12/04	788.00	0.64	790.00	770.10	783.00	2,782	2,171,218.00
67	2023/12/03	783.00	-0.24	800.50	768.00	800.50	3,077	2,378,490.10
68	2023/11/30	784.90	-1.76	814.00	775.20	814.00	5,350	4,188,909.50
69	2023/11/29	799.00	-2.68	825.00	795.00	821.00	4,435	3,583,512.00
70	2023/11/28	821.00	3.47	832.00	780.00	780.00	8,893	7,178,467.50
71	2023/11/27	793.50	-0.56	810.00	785.20	785.20	6,684	5,298,466.00
72	2023/11/26	798.00	5.42	800.00	755.00	756.50	6,307	4,959,651.00
73	2023/11/23	757.00	3.56	764.00	720.00	731.00	8,028	6,015,685.50
74	2023/11/22	731.00	1.53	740.00	717.00	717.00	2,470	1,806,344.00
75	2023/11/21	720.00	-2.04	740.00	717.00	726.00	2,863	2,076,318.00
76	2023/11/20	735.00	-0.14	750.00	735.00	740.00	2,299	1,698,185.90
77	2023/11/09	736.00	-1.87	750.00	725.20	745.00	2,693	1,975,399.60
78	2023/11/08	750.00	-1.03	772.90	747.00	772.90	2,850	2,143,030.00
79	2023/11/07	757.80	1.99	758.00	740.40	757.00	3,205	2,403,678.40
80	2023/11/06	743.00	3.17	755.80	726.40	734.60	7,550	5,620,231.40
81	2023/11/05	720.20	-2.15	734.90	717.10	724.10	5,425	3,927,867.00
82	2023/11/02	736.00	-0.27	739.00	723.50	730.00	2,108	1,538,479.10
83	2023/11/01	738.00	1.37	739.00	720.10	728.00	1,649	1,201,147.00
84	2023/10/31	728.00	-2.41	760.90	727.10	760.90	3,035	2,221,402.50
85	2023/10/30	746.00	0.95	753.70	726.10	753.70	2,726	2,002,412.80
86	2023/10/29	739.00	-2.48	770.00	735.00	770.00	875	651,444.00
87	2023/10/19	757.80	-0.81	762.00	740.10	749.10	3,511	2,630,915.10
88	2023/10/18	764.00	0.66	770.20	746.00	746.00	1,827	1,391,193.20
89	2023/10/17	759.00	-3.31	784.00	750.00	770.00	2,718	2,067,230.00
90	2023/10/16	785.00	3.97	785.00	727.60	744.90	5,644	4,155,589.00
91	2023/10/12	755.00	-3.58	780.00	755.00	770.00	4,203	3,224,543.00
92	2023/10/11	783.00	1.03	795.00	768.00	770.00	2,925	2,263,416.00
93	2023/10/10	775.00	-1.77	786.90	772.00	774.50	3,189	2,476,037.70
94	2023/10/09	789.00	-1	798.00	781.30	783.00	3,658	2,885,582.40
95	2023/10/08	797.00	-0.99	818.00	787.00	806.00	3,865	3,065,063.50
96	2023/10/05	805.00	-1.77	815.00	804.00	808.00	1,675	1,352,959.00
97	2023/10/04	819.50	-0.04	823.00	806.00	806.00	2,925	2,381,048.00
98	2023/10/03	819.80	-0.74	829.00	807.00	813.00	2,299	1,870,444.50
99	2023/10/02	825.90	0.6	830.00	814.00	830.00	3,075	2,517,624.00
100	2023/10/01	821.00	-2.15	849.00	817.00	823.00	2,835	2,330,505.00
101	2023/09/27	839.00	-1.97	845.00	830.30	845.00	6,323	5,290,538.10
102	2023/09/26	855.90	0.69	866.90	834.30	866.90	5,670	4,807,742.00
103	2023/09/25	850.00	-0.6	853.90	835.00	840.00	5,795	4,882,084.00
104	2023/09/24	855.10	-2.05	877.00	845.10	860.00	5,556	4,773,387.70
105	2023/09/21	873.00	2.11	890.00	852.00	855.00	13,112	11,389,144.80
106	2023/09/19	855.00	1.79	855.90	825.10	825.10	4,398	3,725,562.00
107	2023/09/18	840.00	0	848.90	828.30	840.00	2,800	2,353,575.00
108	2023/09/17	840.00	-4.01	861.00	840.00	860.00	3,160	2,680,017.00
109	2023/09/13	875.10	3.68	875.10	834.00	836.00	6,501	5,552,139.90
110	2023/09/12	844.00	-2.31	867.00	831.00	850.00	3,694	3,119,858.00
111	2023/09/11	864.00	2.86	868.00	830.00	830.00	7,485	6,389,242.00
112	2023/09/10	840.00	2.31	871.10	820.10	837.40	2,025	1,681,688.00
113	2023/09/07	821.00	-3.3	850.00	821.00	841.00	4,259	3,536,983.10
114	2023/09/05	849.00	-1.85	850.00	838.00	847.90	2,440	2,056,726.00
115	2023/09/04	865.00	0.24	879.40	838.00	860.00	4,038	3,439,263.00
116	2023/09/03	862.90	-0.24	877.00	841.00	857.00	4,429	3,765,644.00
117	2023/08/30	865.00	0.12	875.00	851.20	864.00	4,795	4,108,241.00
118	2023/08/29	864.00	-1.03	875.00	858.00	875.00	3,386	2,928,882.50
119	2023/08/28	873.00	-0.23	885.00	858.00	875.00	4,700	4,078,991.30
120	2023/08/27	875.00	-3.42	920.00	875.00	920.00	8,770	7,771,001.50
121	2023/08/24	906.00	-2.58	947.90	905.00	912.00	6,965	6,365,264.00
122	2023/08/23	930.00	1.2	935.00	906.10	906.10	5,448	5,045,512.80
123	2023/08/22	919.00	0	920.00	905.10	919.00	3,140	2,864,036.10
124	2023/08/21	919.00	-0.84	930.00	901.00	911.00	4,251	3,883,254.00
125	2023/08/20	926.80	-0.02	935.00	911.00	911.00	6,745	6,237,192.50
126	2023/08/17	927.00	1.31	942.90	920.00	933.00	5,948	5,544,979.50
127	2023/08/16	915.00	0.33	947.00	905.10	930.10	10,050	9,203,590.10
128	2023/08/15	912.00	-2.88	940.00	912.00	921.00	4,787	4,430,470.20
129	2023/08/14	939.00	-1.56	950.00	932.90	935.30	3,652	3,430,329.30
130	2023/08/13	953.90	1.7	959.00	921.00	938.00	8,193	7,718,259.50
131	2023/08/10	938.00	0.54	960.00	918.00	949.90	8,632	8,089,630.00
132	2023/08/09	933.00	1.97	933.00	892.00	902.00	5,874	5,339,716.90
133	2023/08/08	915.00	-3.14	945.00	912.10	945.00	4,118	3,802,101.00
134	2023/08/07	944.70	2.02	945.00	911.00	911.00	4,684	4,348,891.90
135	2023/08/06	926.00	-2.22	957.00	920.20	930.00	4,549	4,228,838.50
136	2023/08/03	947.00	-0.11	960.00	936.30	949.00	4,243	4,009,839.00
137	2023/08/02	948.00	-0.94	955.00	927.00	942.10	5,118	4,793,727.20
138	2023/08/01	957.00	0.21	969.00	925.00	945.00	12,471	11,736,199.20
139	2023/07/31	955.00	-1.34	980.00	953.60	968.00	5,045	4,874,882.00
140	2023/07/30	968.00	-1.12	994.00	955.00	994.00	8,920	8,605,338.00
141	2023/07/27	979.00	-0.81	990.00	960.00	982.00	10,636	10,318,841.00
142	2023/07/26	987.00	-2.28	1,019.00	980.00	990.00	8,348	8,286,415.00
143	2023/07/25	1,010.00	0	1,010.00	975.10	992.00	18,658	18,538,084.10
144	2023/07/24	1,010.00	-1.93	1,047.00	992.00	1,010.00	26,856	27,255,695.50
145	2023/07/23	1,029.90	9.1	1,030.00	930.00	930.00	37,754	37,637,165.60
146	2023/07/20	944.00	-0.42	975.00	938.40	957.00	4,284	4,046,729.20
147	2023/07/19	948.00	-0.32	966.90	936.00	936.00	4,273	4,075,740.00
148	2023/07/18	951.00	-1.15	970.00	947.00	962.00	9,760	9,356,776.90
149	2023/07/17	962.10	3.01	975.00	915.40	915.40	9,569	9,190,921.00
150	2023/07/16	934.00	-0.43	945.00	926.30	938.00	9,509	8,872,177.00
151	2023/07/13	938.00	-1.26	970.00	935.00	951.30	9,192	8,728,421.30
152	2023/07/12	950.00	-0.84	978.00	950.00	952.00	10,070	9,664,806.60
153	2023/07/11	958.00	-0.21	978.00	951.20	959.90	9,795	9,408,178.30
154	2023/07/10	960.00	-2.83	1,002.00	955.00	976.00	14,764	14,385,700.00
155	2023/07/09	988.00	3.24	988.00	942.00	942.00	10,413	10,166,607.00
156	2023/07/06	957.00	0.84	989.00	929.00	932.70	15,393	14,671,947.30
157	2023/07/05	949.00	-1.85	986.20	941.00	986.20	15,539	14,845,134.00
158	2023/07/04	966.90	1.78	973.20	942.30	953.00	10,257	9,838,627.30
159	2023/07/03	950.00	0.64	978.00	932.10	944.00	20,862	20,032,268.10
160	2023/07/02	944.00	-3.18	990.00	943.00	975.00	22,785	22,130,920.10
161	2023/06/28	975.00	-3.37	1,020.00	975.00	1,005.00	33,937	33,558,304.00
162	2023/06/27	1,009.00	-1.37	1,080.00	996.00	1,023.00	21,023	21,561,974.20
163	2023/06/26	1,023.00	-4.39	1,080.00	1,021.10	1,080.00	32,168	33,447,091.30
164	2023/06/25	1,070.00	4.59	1,102.00	1,007.10	1,023.00	36,543	38,635,548.40
165	2023/06/22	1,023.00	10	1,023.00	921.00	930.00	57,497	56,505,804.50
166	2023/06/21	930.00	0.32	979.00	913.00	939.90	33,586	31,698,042.90
167	2023/06/20	927.00	-0.46	955.00	916.10	920.10	14,476	13,566,045.80
168	2023/06/19	931.30	-3.89	965.00	931.10	955.00	25,419	23,976,704.60
169	2023/06/18	969.00	5.9	971.00	911.00	920.00	31,958	30,186,103.90
170	2023/06/15	915.00	1.68	937.00	865.30	917.80	43,934	39,189,968.80
171	2023/06/14	899.90	-1.65	931.00	878.00	900.00	34,409	31,238,246.90
172	2023/06/13	915.00	7.47	927.00	865.00	868.40	46,445	42,081,804.20
173	2023/06/12	851.40	10	851.40	772.00	772.00	57,674	47,012,060.00
174	2023/06/11	774.00	0.78	786.00	770.10	775.00	10,107	7,880,947.10
175	2023/06/08	768.00	-0.71	790.00	768.00	768.00	12,864	9,981,644.70
176	2023/06/07	773.50	-0.19	800.70	771.00	775.00	11,293	8,841,332.20
177	2023/06/06	775.00	2.65	783.00	746.00	750.00	11,947	9,233,940.40
178	2023/06/05	755.00	-2.2	782.00	750.00	779.00	10,517	8,033,033.30
179	2023/06/04	772.00	4.75	774.00	740.00	740.00	15,002	11,477,675.70
180	2023/06/01	737.00	0.96	745.00	725.10	730.00	9,651	7,108,517.60
181	2023/05/31	730.00	-1.62	760.00	722.20	745.00	17,037	12,499,940.10
182	2023/05/30	742.00	-4.13	775.00	741.70	760.30	17,905	13,528,709.60
183	2023/05/28	774.00	-1.78	803.00	765.00	780.00	22,687	17,834,230.70
184	2023/05/24	788.00	1.29	795.00	761.20	780.00	14,646	11,397,846.00
185	2023/05/23	778.00	2.37	790.50	760.00	760.00	12,048	9,390,840.40
186	2023/05/22	760.00	0.4	770.00	742.40	750.00	11,152	8,446,033.90
187	2023/05/21	757.00	0.53	782.00	740.00	764.00	17,187	13,009,980.50
188	2023/05/18	753.00	3.78	760.00	714.00	714.00	12,698	9,479,818.00
189	2023/05/17	725.60	1.77	731.00	708.00	713.50	6,195	4,475,971.00
190	2023/05/16	713.00	0.56	729.00	708.50	710.00	4,463	3,203,636.10
191	2023/05/15	709.00	0.71	716.00	697.00	701.00	6,026	4,268,004.80
192	2023/05/14	704.00	-0.14	729.00	701.00	718.10	10,259	7,265,991.30
193	2023/05/11	705.00	-1.67	715.00	700.00	710.00	5,943	4,190,363.00
194	2023/05/10	717.00	-0.42	734.40	706.00	720.00	6,461	4,626,093.80
195	2023/05/09	720.00	4.65	730.30	675.00	675.00	12,141	8,691,753.40
196	2023/05/08	688.00	-3.51	720.00	687.00	708.10	15,068	10,476,269.00
197	2023/05/07	713.00	-3.65	740.00	712.60	740.00	6,248	4,510,535.00
198	2023/05/04	740.00	-1.33	750.00	733.00	737.50	11,644	8,621,921.00
199	2023/05/03	750.00	-1.83	760.10	745.00	760.00	8,778	6,579,056.60
200	2023/05/02	764.00	-0.79	777.00	760.00	770.00	9,070	6,937,644.50
201	2023/04/30	770.10	-2.86	798.00	770.00	780.00	12,357	9,639,248.20
202	2023/04/27	792.80	-0.53	799.00	781.10	785.00	11,680	9,218,974.00
203	2023/04/26	797.00	1.14	806.00	775.00	778.00	11,752	9,347,452.10
204	2023/04/25	788.00	-1.87	803.00	760.00	787.00	38,487	30,116,648.80
205	2023/04/24	803.00	-9.62	970.00	801.50	906.20	105,636	88,178,221.30
206	2023/04/23	888.50	9.99	888.50	823.90	823.90	5,264	4,675,479.00
207	2023/04/20	807.80	9.99	807.80	749.00	749.00	930	749,808.00
208	2023/04/19	734.40	9.99	734.40	681.00	681.00	755	553,007.50
209	2023/04/18	667.70	10	667.70	619.10	619.10	926	616,677.70
210	2023/04/17	607.00	9.98	607.00	562.90	562.90	1,152	698,157.00
211	2023/04/16	551.90	9.98	551.90	511.80	511.80	1,135	624,722.50
212	2023/04/13	501.80	10	501.80	456.20	456.20	1,004	501,068.90
213	2023/04/12	456.20	9.98	456.20	414.70	414.70	800	363,295.80
214	2023/04/11	414.80	10	414.80	384.60	384.60	837	346,121.80
215	2023/04/10	377.10	9.97	377.10	349.70	349.70	523	196,456.00
216	2023/04/09	342.90	9.97	342.90	318.00	318.00	531	181,350.80
217	2023/04/06	311.80	9.98	311.80	289.10	289.10	290	89,861.00
218	2023/04/05	283.50	9.97	283.50	257.70	257.70	180	50,256.00
219	2023/04/04	257.80	9.98	257.80	230.10	230.10	110	27,396.00
220	2023/04/03	234.40	10	234.40	213.10	213.10	200	45,736.80
221	2023/04/02	213.10	9.96	213.10	193.80	193.80	161	33,426.20
222	2023/03/30	193.80	6.08	193.80	182.70	182.70	52	9,768.30
223	2023/03/29	182.70	9.99	182.70	169.40	169.40	60	10,632.00
224	2023/03/28	166.10	1.96	166.10	166.10	166.10	20	3,311.00
225	2023/03/27	162.90	9.99	162.90	148.10	148.10	94	14,821.10
226	2023/03/26	148.10	6.01	148.10	137.70	137.70	123	17,894.30
227	2023/03/23	139.70	0	139.70	134.40	134.40	207	28,337.60
