#	Date	LTP	% Change	High	Low	Open	Qty.	Turnover
1	2024/03/12	3,993.00	1.99	3,995.00	3,866.80	3,993.00	969	3,822,341.00
2	2024/03/10	3,915.00	-1.63	3,980.00	3,862.10	3,980.00	524	2,043,170.40
3	2024/03/07	3,979.80	0.98	3,989.90	3,786.00	3,900.00	985	3,801,831.00
4	2024/03/06	3,941.00	1.97	4,010.00	3,860.00	3,942.00	464	1,825,333.70
5	2024/03/05	3,865.00	-5.27	4,155.00	3,800.00	4,155.00	1,246	4,863,822.00
6	2024/03/04	4,080.00	2	4,080.00	4,080.00	4,080.00	10	40,800.00
7	2024/03/03	4,000.00	-3.87	4,320.00	3,884.00	4,081.00	1,287	5,103,049.50
8	2024/02/29	4,161.00	3.35	4,427.00	4,106.50	4,106.50	5,573	24,009,851.60
9	2024/02/28	4,026.00	10	4,026.00	3,709.00	3,709.00	3,924	15,330,783.50
10	2024/02/27	3,660.00	1.95	3,661.80	3,525.00	3,661.70	164	595,570.00
11	2024/02/26	3,590.00	-0.86	3,633.00	3,562.00	3,562.10	150	541,681.00
12	2024/02/25	3,621.00	-0.79	3,699.00	3,577.00	3,660.00	169	612,681.00
13	2024/02/22	3,650.00	2.53	3,750.00	3,610.00	3,625.00	1,006	3,720,329.00
14	2024/02/21	3,560.00	0.84	3,600.80	3,540.00	3,600.80	68	242,288.00
15	2024/02/20	3,530.20	-1.11	3,531.00	3,530.10	3,530.50	80	282,437.00
16	2024/02/18	3,570.00	-1.81	3,622.00	3,548.00	3,620.00	204	729,131.00
17	2024/02/15	3,635.80	-2	3,700.00	3,635.80	3,700.00	359	1,311,133.00
18	2024/02/14	3,710.00	0.27	3,710.00	3,640.00	3,700.00	342	1,252,693.50
19	2024/02/13	3,700.00	0	3,750.00	3,675.00	3,720.00	345	1,287,450.00
20	2024/02/12	3,700.00	-0.27	3,700.00	3,656.20	3,700.00	125	460,116.50
21	2024/02/11	3,710.00	-0.75	3,760.00	3,671.00	3,760.00	100	369,780.00
22	2024/02/08	3,738.00	1.19	3,750.00	3,665.00	3,665.00	60	222,205.00
23	2024/02/07	3,694.00	0.21	3,759.80	3,680.00	3,680.00	199	742,009.90
24	2024/02/06	3,686.10	0.38	3,730.00	3,681.00	3,700.00	240	886,865.00
25	2024/02/05	3,672.00	-5.36	3,802.40	3,666.00	3,802.40	788	2,919,364.00
26	2024/02/04	3,879.90	-2	3,879.90	3,879.90	3,879.90	10	38,799.00
27	2024/01/30	3,959.00	7.67	3,964.00	3,700.00	3,710.00	458	1,726,392.00
28	2024/01/29	3,677.00	0.08	3,700.00	3,656.00	3,656.00	215	794,039.00
29	2024/01/28	3,674.00	0.52	3,710.00	3,674.00	3,700.00	50	185,040.00
30	2024/01/25	3,655.00	-0.68	3,727.00	3,651.00	3,700.00	324	1,195,686.00
31	2024/01/24	3,680.00	0.68	3,728.10	3,680.00	3,700.00	120	444,361.00
32	2024/01/23	3,655.00	-1.75	3,725.00	3,655.00	3,655.00	132	485,592.00
33	2024/01/22	3,720.00	0.13	3,750.00	3,650.00	3,750.00	233	866,151.00
34	2024/01/21	3,715.00	-3	3,888.00	3,711.00	3,888.00	473	1,778,536.00
35	2024/01/18	3,830.00	-0.55	3,860.00	3,774.00	3,855.00	294	1,118,022.00
36	2024/01/17	3,851.00	-0.26	3,930.00	3,850.00	3,878.00	503	1,953,454.00
37	2024/01/16	3,861.20	-0.41	3,940.00	3,850.00	3,870.00	956	3,721,219.00
38	2024/01/14	3,877.00	1.23	3,877.00	3,805.10	3,806.30	145	556,284.00
39	2024/01/11	3,830.00	-1.03	3,830.00	3,807.00	3,809.00	92	351,271.80
40	2024/01/10	3,870.00	0.16	3,880.00	3,864.00	3,864.00	180	696,660.00
41	2024/01/09	3,864.00	-0.28	3,937.00	3,850.00	3,860.00	563	2,181,999.00
42	2024/01/08	3,875.00	2.92	3,875.00	3,765.00	3,840.00	722	2,758,008.00
43	2024/01/07	3,765.00	-1.93	3,839.00	3,765.00	3,838.00	150	567,970.90
44	2024/01/04	3,839.00	1.61	3,853.50	3,789.00	3,853.50	295	1,121,735.00
45	2024/01/03	3,778.00	0.07	3,850.00	3,775.20	3,775.20	265	1,011,634.50
46	2024/01/02	3,775.20	-1.94	3,850.00	3,775.20	3,850.00	185	703,897.00
47	2024/01/01	3,850.00	-0.39	3,998.00	3,843.00	3,942.30	181	705,299.30
48	2023/12/28	3,865.00	-0.9	3,977.00	3,865.00	3,977.00	306	1,194,499.00
49	2023/12/27	3,900.00	-4.83	4,099.00	3,870.00	4,099.00	931	3,681,000.50
50	2023/12/24	4,098.00	-1.4	4,199.00	4,073.10	4,156.10	1,810	7,506,844.60
51	2023/12/21	4,156.10	2.12	4,275.00	4,125.00	4,125.00	1,359	5,716,899.10
52	2023/12/20	4,070.00	4.36	4,100.00	3,900.00	3,900.00	1,885	7,604,574.00
53	2023/12/19	3,900.00	0.91	3,942.00	3,841.00	3,942.00	379	1,468,299.00
54	2023/12/18	3,865.00	3.07	3,930.00	3,760.00	3,760.00	833	3,217,201.60
55	2023/12/17	3,750.00	-2.09	3,888.00	3,750.00	3,830.00	151	571,813.00
56	2023/12/14	3,830.00	0.68	3,955.00	3,820.00	3,880.00	90	347,509.00
57	2023/12/13	3,804.00	-2.21	3,967.00	3,804.00	3,943.00	440	1,719,493.00
58	2023/12/12	3,890.00	5.82	3,900.00	3,680.00	3,680.00	354	1,325,583.20
59	2023/12/11	3,676.00	3.53	3,737.00	3,621.60	3,621.60	462	1,707,777.00
60	2023/12/07	3,550.60	0.06	3,685.00	3,481.00	3,619.20	315	1,119,158.20
61	2023/12/06	3,548.30	4.04	3,680.00	3,478.80	3,478.80	386	1,387,640.00
62	2023/12/05	3,410.60	-9.53	3,710.00	3,410.40	3,710.00	544	1,913,540.20
63	2023/12/04	3,770.00	-1.28	3,775.00	3,743.00	3,775.00	115	432,515.00
64	2023/12/03	3,819.00	-0.16	3,820.00	3,675.00	3,810.00	188	709,753.00
65	2023/11/30	3,825.00	0	3,840.00	3,790.00	3,835.00	124	474,530.00
66	2023/11/29	3,825.00	-1.9	3,830.00	3,746.00	3,755.10	364	1,399,518.00
67	2023/11/28	3,899.00	-2.7	3,926.90	3,814.00	3,926.90	230	885,227.00
68	2023/11/27	4,007.00	6.12	4,007.00	3,630.00	3,700.50	1,017	3,889,993.50
69	2023/11/26	3,776.00	6.07	3,776.00	3,631.20	3,631.20	150	561,472.00
70	2023/11/23	3,560.00	-0.84	3,560.00	3,519.00	3,520.00	70	247,980.00
71	2023/11/22	3,590.00	1.99	3,590.00	3,590.00	3,590.00	10	35,900.00
72	2023/11/21	3,520.00	-1.68	3,525.00	3,508.40	3,508.40	49	172,224.00
73	2023/11/20	3,580.00	-1.85	3,600.00	3,574.70	3,600.00	136	486,668.00
74	2023/11/09	3,647.60	-2	3,647.60	3,647.60	3,647.60	10	36,476.00
75	2023/11/08	3,722.00	3.39	3,722.00	3,650.00	3,650.00	90	333,300.00
76	2023/11/07	3,600.00	0.28	3,630.00	3,590.00	3,590.00	139	503,619.00
77	2023/11/06	3,590.00	2.54	3,590.00	3,550.00	3,571.00	75	267,670.00
78	2023/11/05	3,501.00	0.03	3,505.00	3,500.00	3,500.00	35	122,565.00
79	2023/11/02	3,500.00	-0.14	3,502.00	3,500.00	3,502.00	100	350,130.00
80	2023/11/01	3,505.00	-0.03	3,576.10	3,437.00	3,576.10	125	439,599.80
81	2023/10/31	3,506.00	-1.1	3,506.00	3,405.50	3,475.00	77	267,409.00
82	2023/10/30	3,545.00	0.94	3,550.00	3,500.00	3,500.00	112	395,141.00
83	2023/10/29	3,512.00	-3.8	3,648.00	3,512.00	3,648.00	130	463,475.80
84	2023/10/19	3,650.90	0.02	3,650.90	3,650.90	3,650.90	18	65,716.20
85	2023/10/18	3,650.00	4.29	3,650.00	3,570.00	3,570.00	184	663,090.00
86	2023/10/17	3,500.00	-1.41	3,621.00	3,495.00	3,621.00	490	1,724,093.00
87	2023/10/16	3,550.00	-2.31	3,671.00	3,501.00	3,565.00	285	1,011,847.00
88	2023/10/12	3,634.00	-2.31	3,700.00	3,616.00	3,646.00	185	676,716.00
89	2023/10/11	3,720.00	-0.27	3,720.00	3,595.00	3,665.00	415	1,518,475.00
90	2023/10/10	3,729.90	1.63	3,729.90	3,615.00	3,615.00	40	146,472.00
91	2023/10/09	3,670.00	0	3,674.00	3,670.00	3,670.00	157	576,152.00
92	2023/10/08	3,670.00	-0.43	3,680.00	3,635.00	3,635.00	105	385,077.00
93	2023/10/05	3,686.00	0.16	3,827.00	3,681.00	3,753.60	190	714,196.00
94	2023/10/04	3,680.00	0.79	3,797.00	3,680.00	3,724.00	175	656,380.00
95	2023/10/03	3,651.00	-1.46	3,740.00	3,631.00	3,740.00	451	1,648,849.60
96	2023/10/02	3,705.00	1.09	3,750.00	3,700.00	3,738.40	103	382,204.00
97	2023/10/01	3,665.10	-3.17	3,895.00	3,665.10	3,860.70	158	592,303.00
98	2023/09/27	3,785.00	-1.71	3,926.00	3,736.00	3,926.00	445	1,680,445.00
99	2023/09/26	3,851.00	-2.38	4,023.00	3,851.00	4,023.00	285	1,106,963.00
100	2023/09/25	3,945.00	0.41	4,000.00	3,920.00	4,000.00	80	315,490.00
101	2023/09/24	3,929.00	1.52	4,000.00	3,870.00	3,947.50	320	1,253,076.00
102	2023/09/21	3,870.10	1.84	3,949.00	3,855.10	3,876.00	190	738,876.00
103	2023/09/19	3,800.00	-4.97	3,919.00	3,763.90	3,919.00	175	669,199.00
104	2023/09/18	3,998.90	6.07	3,998.90	3,770.00	3,770.00	45	174,199.00
105	2023/09/17	3,770.00	-4	4,000.00	3,770.00	3,929.00	389	1,513,359.90
106	2023/09/13	3,927.00	4.3	3,927.00	3,823.00	3,825.00	393	1,530,310.30
107	2023/09/12	3,765.00	-2.23	3,823.00	3,765.00	3,786.00	153	579,190.00
108	2023/09/11	3,851.00	3.66	3,875.00	3,750.00	3,750.00	464	1,767,709.20
109	2023/09/10	3,715.00	1.64	3,749.00	3,700.00	3,700.00	249	924,284.00
110	2023/09/07	3,655.00	-1.83	3,701.10	3,651.00	3,701.10	270	991,410.00
111	2023/09/05	3,723.00	-2.64	3,823.00	3,711.00	3,823.00	186	696,743.00
112	2023/09/04	3,823.90	-0.03	3,901.00	3,749.00	3,900.00	160	607,487.00
113	2023/09/03	3,825.00	-2.15	3,850.00	3,750.00	3,850.00	220	829,478.00
114	2023/08/30	3,909.00	0.23	3,909.70	3,800.00	3,850.00	150	581,596.00
115	2023/08/29	3,900.00	0.23	3,900.00	3,813.20	3,821.00	60	229,784.00
116	2023/08/28	3,891.00	-0.18	3,970.00	3,820.10	3,970.00	280	1,078,421.00
117	2023/08/27	3,898.00	-0.79	3,900.00	3,801.00	3,900.00	125	480,330.00
118	2023/08/24	3,929.00	-1.16	4,019.90	3,875.00	4,019.90	424	1,657,607.00
119	2023/08/23	3,975.00	1.15	3,975.00	3,852.00	3,975.00	370	1,454,500.00
120	2023/08/22	3,930.00	3.42	3,930.00	3,799.00	3,876.00	289	1,106,520.00
121	2023/08/21	3,800.00	-2.26	3,915.00	3,800.00	3,830.00	388	1,484,149.00
122	2023/08/20	3,888.00	-1.07	4,008.00	3,852.00	4,008.00	196	771,436.40
123	2023/08/17	3,930.00	4.8	3,978.00	3,765.00	3,825.00	481	1,878,398.00
124	2023/08/16	3,750.00	-3.23	3,850.00	3,750.00	3,800.00	505	1,915,167.00
125	2023/08/15	3,875.00	-2.02	3,930.00	3,840.00	3,880.00	427	1,659,344.00
126	2023/08/14	3,955.00	-2.27	4,050.00	3,955.00	4,050.00	210	835,880.00
127	2023/08/13	4,047.00	-0.95	4,100.00	3,956.00	4,070.00	295	1,192,660.00
128	2023/08/10	4,085.70	3.96	4,085.70	4,000.00	4,000.00	341	1,381,980.00
129	2023/08/09	3,930.00	0.77	3,930.00	3,850.00	3,850.00	365	1,417,650.50
130	2023/08/08	3,899.90	-1.64	4,034.00	3,827.10	4,034.00	285	1,116,570.00
131	2023/08/07	3,964.90	0.97	4,000.00	3,890.00	3,990.00	664	2,613,727.00
132	2023/08/06	3,927.00	-3.01	4,129.90	3,927.00	4,049.00	525	2,095,362.00
133	2023/08/03	4,049.00	0	4,100.00	4,025.00	4,100.00	555	2,247,175.00
134	2023/08/02	4,048.90	0.74	4,100.00	3,942.00	3,950.00	556	2,233,599.40
135	2023/08/01	4,019.00	-1.06	4,185.00	3,980.00	4,142.00	525	2,149,937.00
136	2023/07/31	4,062.00	2.86	4,090.00	3,961.00	4,027.00	840	3,394,485.00
137	2023/07/30	3,949.00	-3.66	4,055.00	3,866.00	4,055.00	760	2,998,461.50
138	2023/07/27	4,099.00	-2.15	4,188.00	4,023.90	4,121.00	664	2,714,125.00
139	2023/07/26	4,189.00	2.62	4,290.00	4,007.00	4,012.00	727	3,034,326.00
140	2023/07/25	4,082.00	-3.5	4,200.00	4,070.00	4,199.00	846	3,485,939.00
141	2023/07/24	4,230.00	-5.33	4,539.00	4,131.00	4,380.00	1,012	4,366,766.00
142	2023/07/23	4,468.00	8.93	4,512.00	4,180.00	4,183.90	3,296	14,484,673.00
143	2023/07/20	4,101.90	10	4,101.90	3,680.00	3,700.00	3,432	13,673,019.50
144	2023/07/19	3,729.00	7.16	3,750.00	3,480.00	3,480.00	2,505	9,108,986.90
145	2023/07/18	3,480.00	0.9	3,516.00	3,410.10	3,516.00	379	1,309,056.50
146	2023/07/17	3,449.00	0.55	3,487.00	3,380.00	3,455.00	380	1,311,649.00
147	2023/07/16	3,430.00	0.58	3,478.30	3,355.00	3,478.30	100	341,577.00
148	2023/07/13	3,410.10	-1.73	3,465.00	3,410.00	3,460.00	105	359,771.50
149	2023/07/12	3,470.00	1.82	3,475.10	3,341.00	3,341.00	230	785,352.00
150	2023/07/11	3,408.00	-1.93	3,488.00	3,408.00	3,475.00	450	1,560,210.00
151	2023/07/10	3,474.90	-0.4	3,474.90	3,391.00	3,460.00	380	1,299,940.00
152	2023/07/09	3,488.90	0.98	3,519.00	3,450.00	3,519.00	135	467,373.00
153	2023/07/06	3,455.00	1.33	3,459.00	3,352.00	3,409.00	177	608,166.00
154	2023/07/05	3,409.70	-1.17	3,442.00	3,347.00	3,442.00	204	686,961.00
155	2023/07/04	3,450.00	-0.49	3,467.00	3,401.00	3,401.00	69	237,073.00
156	2023/07/03	3,467.00	1.08	3,468.00	3,340.00	3,400.00	240	814,578.00
157	2023/07/02	3,430.00	-3.38	3,500.00	3,422.00	3,481.00	161	560,050.00
158	2023/06/28	3,550.00	-1.39	3,560.00	3,480.00	3,528.00	409	1,438,530.00
159	2023/06/27	3,600.00	1.84	3,605.70	3,578.00	3,578.00	857	3,083,459.00
160	2023/06/26	3,535.00	-0.42	3,598.00	3,523.00	3,597.00	515	1,823,517.00
161	2023/06/25	3,550.00	2.28	3,550.00	3,421.00	3,539.00	785	2,755,946.70
162	2023/06/22	3,471.00	0.32	3,510.00	3,406.00	3,510.00	336	1,158,903.00
163	2023/06/21	3,460.00	-2.26	3,599.00	3,458.00	3,599.00	260	904,217.00
164	2023/06/20	3,539.90	0.57	3,589.00	3,430.00	3,589.00	440	1,539,911.00
165	2023/06/19	3,520.00	1.97	3,591.00	3,453.00	3,521.00	205	718,543.00
166	2023/06/18	3,452.00	-1.37	3,570.00	3,437.00	3,500.00	540	1,873,798.00
167	2023/06/15	3,500.00	-1.41	3,560.00	3,485.00	3,560.00	519	1,817,242.00
168	2023/06/14	3,550.00	-1.25	3,666.90	3,506.00	3,664.00	926	3,335,228.00
169	2023/06/13	3,595.00	5.74	3,600.00	3,460.00	3,460.00	977	3,494,355.00
170	2023/06/12	3,400.00	-2.77	3,539.00	3,342.00	3,520.00	459	1,560,886.00
171	2023/06/11	3,497.00	1.42	3,519.00	3,404.00	3,515.00	620	2,150,695.00
172	2023/06/08	3,448.00	4.2	3,470.00	3,310.00	3,310.00	1,210	4,094,919.20
173	2023/06/07	3,309.00	1.82	3,315.00	3,250.00	3,314.70	470	1,535,775.00
174	2023/06/06	3,250.00	0.4	3,305.00	3,240.00	3,242.30	305	998,187.00
175	2023/06/05	3,237.00	-1.91	3,364.00	3,237.00	3,300.00	360	1,179,212.00
176	2023/06/04	3,300.00	4.36	3,339.00	3,212.00	3,225.00	190	625,140.00
177	2023/06/01	3,162.00	0.06	3,223.20	3,161.10	3,223.20	40	127,074.00
178	2023/05/31	3,160.00	-1.86	3,162.00	3,120.00	3,162.00	275	867,672.00
179	2023/05/30	3,220.00	-2.42	3,250.00	3,220.00	3,240.00	110	356,390.00
180	2023/05/28	3,300.00	-1.42	3,395.00	3,300.00	3,393.90	1,223	4,105,022.00
181	2023/05/24	3,347.50	1.44	3,347.50	3,263.00	3,300.00	190	623,443.00
182	2023/05/23	3,300.00	3.12	3,310.00	3,264.00	3,264.00	130	428,530.00
183	2023/05/22	3,200.00	-1.54	3,200.00	3,200.00	3,200.00	50	160,000.00
184	2023/05/21	3,250.00	2.84	3,250.00	3,200.00	3,200.00	130	419,079.00
185	2023/05/18	3,160.10	1.94	3,200.00	3,062.00	3,062.00	395	1,255,100.00
186	2023/05/16	3,100.00	1.63	3,100.00	3,095.00	3,095.00	50	154,950.00
187	2023/05/15	3,050.20	-0.64	3,050.20	3,050.20	3,050.20	20	61,004.00
188	2023/05/14	3,070.00	0	3,130.00	3,060.00	3,130.00	121	371,135.00
189	2023/05/11	3,070.00	-0.33	3,080.00	3,070.00	3,080.00	20	61,500.00
190	2023/05/09	3,080.10	-0.93	3,080.10	3,080.10	3,080.10	10	30,801.00
191	2023/05/08	3,109.00	0.78	3,109.00	3,050.00	3,100.00	370	1,145,990.00
192	2023/05/07	3,085.00	0	3,086.10	3,085.00	3,086.10	110	339,361.00
193	2023/05/04	3,085.00	0	3,091.00	3,085.00	3,091.00	100	308,663.00
194	2023/05/03	3,085.00	-0.48	3,099.00	3,085.00	3,099.00	44	136,118.00
195	2023/05/02	3,100.00	0	3,100.10	3,080.00	3,080.90	120	370,981.00
196	2023/04/30	3,100.00	0	3,150.00	3,100.00	3,100.00	150	466,000.00
197	2023/04/27	3,100.00	0	3,100.00	3,100.00	3,100.00	50	155,000.00
198	2023/04/26	3,100.00	-0.64	3,107.00	3,100.00	3,107.00	100	310,460.00
199	2023/04/25	3,120.00	0.29	3,131.00	3,105.00	3,110.00	190	591,511.00
200	2023/04/24	3,111.00	-0.29	3,160.00	3,100.00	3,160.00	167	520,810.30
201	2023/04/19	3,170.00	-0.03	3,170.90	3,170.00	3,170.90	20	63,409.00
202	2023/04/18	3,170.90	-1.68	3,200.00	3,170.90	3,200.00	45	143,563.50
203	2023/04/16	3,225.00	-0.25	3,225.00	3,200.00	3,200.00	60	192,600.00
204	2023/04/13	3,233.00	-2	3,300.00	3,233.00	3,300.00	425	1,380,965.00
205	2023/04/12	3,298.90	4.64	3,298.90	3,200.00	3,200.00	167	541,993.00
206	2023/04/11	3,152.70	2	3,152.70	3,150.10	3,150.10	20	63,028.00
207	2023/04/10	3,091.00	0.03	3,151.00	3,091.00	3,150.00	481	1,488,791.00
208	2023/04/09	3,090.00	-1.28	3,100.00	3,090.00	3,100.00	115	356,250.00
209	2023/04/06	3,130.00	-1.88	3,135.00	3,130.00	3,135.00	85	266,135.00
210	2023/04/05	3,190.00	1.27	3,190.00	3,110.00	3,190.00	267	834,542.00
211	2023/04/04	3,150.10	-1.56	3,190.00	3,141.10	3,141.10	50	158,213.00
212	2023/04/03	3,200.00	2.5	3,200.00	3,122.00	3,122.00	205	652,265.50
213	2023/04/02	3,122.00	0.77	3,230.00	3,050.00	3,098.00	90	284,260.00
214	2023/03/30	3,098.00	-3.64	3,250.00	3,098.00	3,250.00	420	1,326,108.00
215	2023/03/29	3,215.00	-1.53	3,230.00	3,215.00	3,230.00	70	225,500.00
216	2023/03/28	3,265.00	0.46	3,288.00	3,225.10	3,250.00	370	1,199,090.00
217	2023/03/27	3,250.00	-1.84	3,251.00	3,245.00	3,251.00	191	620,506.00
218	2023/03/26	3,311.00	-0.24	3,311.00	3,253.30	3,253.30	30	98,494.00
219	2023/03/23	3,318.80	-0.01	3,320.00	3,255.00	3,255.00	149	487,883.00
220	2023/03/22	3,319.00	-0.27	3,319.00	3,280.00	3,282.00	45	148,010.00
221	2023/03/20	3,328.00	0.06	3,380.00	3,275.00	3,275.00	345	1,146,511.00
222	2023/03/19	3,326.00	1.99	3,326.00	3,205.00	3,211.00	100	322,630.00
223	2023/03/16	3,261.00	0.18	3,320.00	3,261.00	3,320.00	141	466,469.00
224	2023/03/15	3,255.00	-1.36	3,364.00	3,249.00	3,364.00	320	1,051,548.00
225	2023/03/14	3,300.00	0.15	3,348.00	3,290.00	3,300.00	265	875,260.00
226	2023/03/13	3,295.00	-0.15	3,295.00	3,254.00	3,290.00	45	147,610.00
227	2023/03/12	3,300.00	0	3,301.00	3,241.00	3,301.00	190	623,149.10
228	2023/03/09	3,300.00	0	3,308.00	3,299.80	3,308.00	71	234,537.00
229	2023/03/07	3,300.00	4.27	3,300.00	3,200.00	3,200.00	90	292,390.00
230	2023/03/05	3,165.00	-1.28	3,242.00	3,130.00	3,242.00	651	2,070,968.00
231	2023/03/02	3,206.00	-1.51	3,260.00	3,206.00	3,250.00	121	392,941.00
232	2023/03/01	3,255.00	-1.81	3,350.00	3,248.70	3,270.00	463	1,513,706.10
233	2023/02/28	3,315.00	-1.16	3,350.00	3,307.00	3,309.00	298	989,177.00
234	2023/02/27	3,354.00	3.84	3,354.00	3,230.00	3,230.00	170	557,470.00
235	2023/02/26	3,230.00	0	3,284.40	3,201.00	3,201.00	251	811,301.00
236	2023/02/23	3,230.10	0.03	3,269.00	3,205.00	3,205.00	313	1,012,659.80
237	2023/02/22	3,229.00	-0.03	3,284.00	3,229.00	3,284.00	187	607,747.00
238	2023/02/20	3,230.00	-0.37	3,240.00	3,220.00	3,220.00	395	1,276,245.00
239	2023/02/16	3,242.10	-0.61	3,267.00	3,242.10	3,266.00	271	883,875.20
240	2023/02/15	3,262.00	-1.18	3,300.00	3,253.00	3,253.00	80	262,413.00
241	2023/02/14	3,301.00	-0.87	3,330.00	3,265.00	3,265.00	242	798,195.00
242	2023/02/12	3,330.00	-3.76	3,395.00	3,330.00	3,395.00	110	369,434.00
243	2023/02/09	3,460.00	1.65	3,460.00	3,400.00	3,400.00	120	413,285.00
244	2023/02/08	3,404.00	-1.85	3,537.00	3,404.00	3,520.00	149	521,415.00
245	2023/02/07	3,468.00	5.09	3,495.00	3,366.00	3,366.00	185	641,028.00
246	2023/02/06	3,300.00	-0.15	3,300.00	3,300.00	3,300.00	20	66,000.00
247	2023/02/05	3,305.00	1.69	3,340.00	3,305.00	3,315.00	40	132,650.00
248	2023/02/02	3,250.00	-2.31	3,390.00	3,250.00	3,389.00	496	1,629,078.60
249	2023/02/01	3,327.00	-1.28	3,437.00	3,310.00	3,435.00	225	756,036.00
250	2023/01/31	3,370.00	0	3,437.00	3,370.00	3,436.00	416	1,405,700.40
251	2023/01/30	3,370.00	-2.32	3,480.00	3,361.00	3,431.00	575	1,950,969.00
252	2023/01/29	3,450.00	-1.29	3,565.00	3,431.00	3,431.00	215	745,730.00
253	2023/01/26	3,495.10	0.12	3,497.00	3,495.00	3,495.00	194	678,100.00
254	2023/01/25	3,491.00	0.14	3,555.90	3,480.00	3,555.90	422	1,473,078.80
255	2023/01/24	3,486.20	-0.06	3,520.00	3,480.00	3,480.00	205	716,135.00
256	2023/01/23	3,488.20	-1.74	3,600.00	3,488.00	3,520.00	320	1,130,754.00
257	2023/01/19	3,550.00	2.31	3,712.00	3,500.00	3,500.00	730	2,633,895.00
258	2023/01/18	3,470.00	-1.42	3,590.40	3,470.00	3,590.00	505	1,780,024.00
259	2023/01/17	3,520.00	2.03	3,520.00	3,400.00	3,500.00	400	1,378,730.00
260	2023/01/12	3,450.00	-1.99	3,662.20	3,381.00	3,590.40	685	2,401,328.20
261	2023/01/10	3,520.00	-3.38	3,786.00	3,500.00	3,712.00	977	3,569,783.00
262	2023/01/09	3,643.00	0.36	3,699.90	3,572.10	3,699.00	665	2,440,093.00
263	2023/01/08	3,630.00	-1.76	3,740.00	3,602.00	3,621.10	832	3,057,692.00
264	2023/01/05	3,695.00	1.53	3,780.00	3,459.00	3,710.00	750	2,727,255.00
265	2023/01/04	3,639.20	8.12	3,639.20	3,400.00	3,430.00	1,104	3,849,621.00
266	2023/01/03	3,366.00	1.08	3,513.00	3,263.40	3,330.00	678	2,293,961.00
267	2023/01/02	3,330.00	2.9	3,349.00	3,280.00	3,300.00	396	1,307,591.00
268	2023/01/01	3,236.00	-1.88	3,363.90	3,236.00	3,363.90	195	646,464.00
269	2022/12/29	3,298.00	2.58	3,345.00	3,270.00	3,270.00	444	1,461,579.00
270	2022/12/28	3,215.00	-2.81	3,330.00	3,200.00	3,330.00	502	1,615,555.00
271	2022/12/27	3,308.00	1.97	3,330.00	3,245.00	3,300.00	1,014	3,315,553.00
272	2022/12/26	3,244.00	4.98	3,244.00	3,151.00	3,151.00	102	325,940.00
273	2022/12/22	3,090.00	-1.15	3,130.00	3,083.00	3,083.00	347	1,075,732.00
274	2022/12/21	3,126.00	0.68	3,200.00	3,101.00	3,101.00	162	512,700.00
275	2022/12/20	3,105.00	0.49	3,151.00	3,105.00	3,151.00	70	218,670.00
276	2022/12/19	3,090.00	-0.32	3,162.00	3,090.00	3,162.00	190	590,917.00
277	2022/12/18	3,100.00	-4.88	3,194.00	3,100.00	3,194.00	578	1,806,618.80
278	2022/12/15	3,259.00	-0.28	3,268.00	3,259.00	3,268.00	20	65,270.00
279	2022/12/14	3,268.00	-0.03	3,268.00	3,210.00	3,210.00	20	64,780.00
280	2022/12/13	3,269.00	0.58	3,269.00	3,249.00	3,249.00	80	260,160.00
281	2022/12/12	3,250.00	3.17	3,250.00	3,130.10	3,130.10	106	339,895.00
282	2022/12/11	3,150.00	-2.78	3,195.00	3,150.00	3,195.00	155	492,063.20
283	2022/12/07	3,240.00	-0.31	3,240.00	3,190.00	3,190.00	48	153,620.00
284	2022/12/06	3,250.00	0.15	3,250.00	3,200.00	3,200.00	285	917,000.00
285	2022/12/05	3,245.00	-1.16	3,280.00	3,200.10	3,250.20	409	1,320,639.50
286	2022/12/04	3,283.00	0.7	3,350.00	3,260.00	3,325.00	344	1,134,991.00
287	2022/12/01	3,260.10	-0.46	3,308.00	3,251.00	3,280.00	225	736,711.00
288	2022/11/29	3,275.20	-2.23	3,290.00	3,275.20	3,286.00	228	748,014.00
289	2022/11/28	3,350.00	-0.5	3,430.00	3,350.00	3,430.00	160	543,551.00
290	2022/11/27	3,367.00	1.11	3,367.00	3,251.00	3,301.00	385	1,268,505.00
291	2022/11/24	3,330.00	1.31	3,330.00	3,330.00	3,330.00	10	33,300.00
292	2022/11/23	3,287.00	-3.32	3,340.00	3,285.10	3,340.00	185	611,243.00
293	2022/11/22	3,400.00	1.98	3,400.00	3,272.10	3,320.00	120	402,761.00
294	2022/11/17	3,334.00	2.58	3,350.00	3,250.00	3,260.00	267	873,816.20
295	2022/11/16	3,250.00	-2.84	3,278.10	3,250.00	3,278.10	270	879,445.00
296	2022/11/15	3,345.00	-0.08	3,347.70	3,280.80	3,347.70	725	33,450.00
297	2022/11/15	3,345.00	-0.08	3,347.70	3,280.80	3,347.70	725	2,368,162.50
298	2022/11/13	3,349.00	1.36	3,349.00	3,349.00	3,349.00	10	33,490.00
299	2022/11/13	3,349.00	1.36	3,349.00	3,349.00	3,349.00	10	33,490.00
300	2022/11/13	3,349.00	1.36	3,349.00	3,349.00	3,349.00	10	33,490.00
301	2023/04/23	3,120.00	-0.95	3,120.00	3,092.00	3,100.00	185	573,593.00
302	2023/04/20	3,150.00	-0.63	3,170.00	3,150.00	3,170.00	100	316,330.00
301	2022/11/10	3,304.00	0	3,366.00	3,200.00	3,366.00	130	425,820.00
302	2022/11/09	3,304.00	-0.09	3,304.00	3,180.00	3,251.00	300	963,609.00
303	2022/11/08	3,307.00	-0.39	3,370.00	3,306.00	3,370.00	60	199,660.00
304	2022/11/07	3,320.00	-3.09	3,358.10	3,311.00	3,358.10	140	466,028.00
305	2022/11/06	3,426.00	5.62	3,426.00	3,241.00	3,250.00	800	2,627,136.50
306	2022/11/03	3,243.80	-3.94	3,313.00	3,243.80	3,313.00	162	530,197.60
307	2022/11/02	3,377.00	1.59	3,377.00	3,310.00	3,320.00	90	299,370.00
308	2022/11/01	3,324.00	-0.48	3,390.00	3,300.00	3,300.00	210	703,220.00
309	2022/10/31	3,340.00	1.27	3,340.00	3,235.10	3,300.10	40	131,750.00
310	2022/10/20	3,298.00	4.04	3,298.00	3,233.40	3,233.40	20	65,314.00
311	2022/10/17	3,170.00	-1	3,200.00	3,170.00	3,200.00	80	254,350.00
312	2022/10/16	3,202.00	0.06	3,264.00	3,200.00	3,264.00	134	430,526.00
313	2022/10/13	3,200.00	-0.37	3,200.00	3,200.00	3,200.00	10	32,000.00
314	2022/10/12	3,212.00	0.34	3,255.00	3,200.00	3,200.00	60	193,070.00
315	2022/10/11	3,201.00	-1.14	3,201.00	3,200.00	3,200.00	220	704,020.00
316	2022/10/10	3,238.00	-1.19	3,342.00	3,238.00	3,251.00	173	565,664.00
317	2022/10/09	3,277.00	1.99	3,277.20	3,270.00	3,277.20	40	130,942.00
318	2022/09/29	3,213.00	0.72	3,213.00	3,150.00	3,150.10	83	264,471.30
319	2022/09/28	3,190.00	0	3,200.00	3,190.00	3,200.00	200	638,120.00
320	2022/09/27	3,190.00	-1.85	3,250.00	3,190.00	3,211.00	280	897,720.00
321	2022/09/25	3,250.00	1.59	3,262.00	3,185.00	3,260.00	741	2,380,780.00
322	2022/09/22	3,199.00	-1.81	3,199.00	3,195.00	3,195.00	38	121,490.00
323	2022/09/21	3,258.00	1.81	3,270.00	3,258.00	3,260.00	125	408,200.00
324	2022/09/20	3,200.00	-1.54	3,315.00	3,137.00	3,315.00	255	815,810.00
325	2022/09/18	3,250.00	-2.11	3,310.00	3,189.00	3,255.00	213	688,003.00
326	2022/09/16	3,320.00	-1.8	3,355.00	3,320.00	3,350.00	74	247,650.00
327	2022/09/15	3,381.00	-5.29	3,570.00	3,381.00	3,570.00	215	742,294.00
328	2022/09/14	3,570.00	5.62	3,570.00	3,435.00	3,435.00	220	764,889.00
329	2022/09/13	3,380.00	0.6	3,416.00	3,380.00	3,416.00	20	67,960.00
330	2022/09/12	3,360.00	1.2	3,360.00	3,354.00	3,354.00	60	201,310.00
331	2022/09/11	3,320.00	-1.63	3,325.10	3,320.00	3,325.10	190	630,881.00
332	2022/09/08	3,375.00	-0.21	3,400.00	3,375.00	3,385.00	170	576,200.00
333	2022/09/07	3,382.20	-0.82	3,478.20	3,382.20	3,475.00	90	311,716.00
334	2022/09/06	3,410.00	-3.67	3,471.00	3,410.00	3,471.00	110	376,360.00
335	2022/09/05	3,540.00	1.72	3,540.00	3,415.00	3,480.10	150	519,625.00
336	2022/09/04	3,480.00	3.26	3,490.00	3,390.00	3,400.00	110	376,900.00
337	2022/09/02	3,370.00	0	3,370.00	3,370.00	3,370.00	30	101,100.00
338	2022/09/01	3,362.00	-1.98	3,439.80	3,361.40	3,439.80	500	1,770,790.00
339	2022/08/31	3,430.00	-1.35	3,430.00	3,408.00	3,408.00	284	969,246.80
340	2022/08/30	3,477.00	1.91	3,549.80	3,407.00	3,480.20	190	656,566.00
341	2022/08/29	3,412.00	-1.59	3,415.00	3,406.00	3,411.10	78	266,016.00
342	2022/08/28	3,467.00	-3.69	3,605.00	3,462.50	3,605.00	208	730,844.50
343	2022/08/26	3,600.00	1.41	3,600.00	3,600.00	3,600.00	10	36,000.00
344	2022/08/25	3,550.10	-1.5	3,600.00	3,550.00	3,600.00	240	854,009.00
345	2022/08/24	3,604.30	0.12	3,610.00	3,604.30	3,610.00	100	360,594.00
346	2022/08/23	3,600.00	-0.55	3,601.00	3,590.00	3,600.00	90	323,850.00
347	2022/08/22	3,620.00	-0.31	3,635.10	3,606.40	3,635.10	70	253,455.00
348	2022/08/21	3,631.10	-1.33	3,700.00	3,631.10	3,700.00	75	273,746.50
349	2022/08/18	3,680.00	2.22	3,720.00	3,672.00	3,672.00	130	480,340.00
350	2022/08/17	3,600.00	-1.39	3,745.00	3,600.00	3,700.00	463	1,687,983.00
351	2022/08/16	3,650.60	-2.65	3,800.00	3,650.60	3,800.00	325	1,198,174.90
352	2022/08/15	3,750.00	2.15	3,750.00	3,671.00	3,671.00	133	494,770.00
353	2022/08/14	3,671.00	-1.32	3,730.00	3,671.00	3,700.00	190	704,921.00
354	2022/08/11	3,720.00	1.09	3,720.00	3,673.00	3,718.90	80	296,569.00
355	2022/08/10	3,680.00	-0.16	3,700.00	3,665.00	3,686.00	60	221,170.00
356	2022/08/09	3,686.00	-2.91	3,721.00	3,680.00	3,720.70	232	857,270.80
357	2022/08/08	3,796.60	1.92	3,874.00	3,796.60	3,799.00	110	420,981.00
358	2022/08/07	3,725.00	-1.19	3,771.00	3,710.00	3,771.00	165	615,745.00
359	2022/08/05	3,770.00	-0.79	3,795.00	3,700.00	3,731.00	248	926,660.00
360	2022/08/04	3,800.10	-5	3,930.00	3,800.10	3,930.00	152	587,937.00
361	2022/08/03	4,000.00	0	4,075.00	3,920.00	4,000.00	537	2,154,822.00
362	2022/08/02	4,000.00	1.27	4,000.00	3,860.00	3,915.00	207	810,260.00
363	2022/08/01	3,950.00	0	4,060.00	3,912.10	3,985.00	720	2,843,881.00
364	2022/07/31	3,950.00	5.05	4,050.00	3,730.00	3,730.00	1,107	4,307,204.00
365	2022/07/29	3,760.00	-0.21	3,799.00	3,693.00	3,700.00	160	595,581.00
366	2022/07/28	3,768.00	1.51	3,800.00	3,725.00	3,786.00	315	1,184,680.00
367	2022/07/27	3,712.00	0.19	3,774.00	3,700.00	3,710.00	130	482,465.00
368	2022/07/26	3,705.00	-3.77	3,900.00	3,699.50	3,800.00	325	1,222,005.00
369	2022/07/25	3,850.00	2.85	3,860.00	3,780.00	3,818.00	366	1,353,678.50
370	2022/07/24	3,743.40	2.28	3,743.40	3,659.00	3,732.00	294	1,085,751.00
371	2022/07/22	3,660.00	-0.65	3,690.00	3,610.40	3,690.00	89	324,384.00
372	2022/07/21	3,684.00	-1.5	3,740.00	3,684.00	3,740.00	248	919,236.50
373	2022/07/20	3,740.00	-0.27	3,760.00	3,712.00	3,751.00	195	729,265.00
374	2022/07/19	3,750.00	2.04	3,780.00	3,745.00	3,748.00	175	659,180.00
375	2022/07/18	3,675.00	2.88	3,676.00	3,606.10	3,643.00	292	1,061,833.00
376	2022/07/17	3,572.00	-0.78	3,600.00	3,528.00	3,541.00	180	641,365.00
377	2022/07/15	3,600.00	-0.41	3,680.00	3,551.00	3,680.00	89	318,863.00
378	2022/07/14	3,615.00	1.97	3,670.00	3,560.00	3,615.90	250	900,251.00
379	2022/07/13	3,545.00	1.29	3,641.00	3,520.00	3,570.00	290	1,035,900.00
380	2022/07/12	3,500.00	0.43	3,561.00	3,424.00	3,424.00	205	720,634.00
381	2022/07/11	3,485.00	-5.56	3,629.00	3,485.00	3,629.00	255	902,994.00
382	2022/07/08	3,690.00	-4.03	3,800.00	3,690.00	3,800.00	275	1,029,740.00
383	2022/07/07	3,845.00	-0.52	3,940.00	3,805.40	3,940.00	150	579,204.00
384	2022/07/06	3,865.00	1.71	3,880.00	3,725.00	3,725.00	365	1,394,346.00
385	2022/07/05	3,800.00	-5	4,300.00	3,796.00	3,999.00	903	3,537,761.00
386	2022/07/04	4,000.00	6.67	4,057.50	3,675.00	3,825.00	1,058	4,167,010.00
387	2022/07/03	3,750.00	5.63	3,763.00	3,550.00	3,551.00	375	1,373,545.00
388	2022/07/01	3,550.00	0.62	3,600.00	3,545.00	3,598.00	320	1,142,670.00
389	2022/06/30	3,528.00	2.38	3,600.00	3,500.00	3,514.00	228	805,568.00
390	2022/06/29	3,446.00	0.76	3,500.00	3,446.00	3,488.00	110	381,280.00
391	2022/06/28	3,420.00	-0.32	3,490.00	3,420.00	3,490.00	45	154,932.00
392	2022/06/27	3,431.00	-4.24	3,585.00	3,431.00	3,585.00	413	1,445,755.50
393	2022/06/26	3,583.00	9.98	3,583.80	3,323.00	3,323.00	447	1,569,304.50
394	2022/06/24	3,258.00	-0.06	3,258.00	3,195.00	3,195.00	20	64,530.00
395	2022/06/23	3,260.00	-2.69	3,290.00	3,200.00	3,290.00	510	1,649,940.00
396	2022/06/22	3,350.00	-1.47	3,350.00	3,350.00	3,350.00	30	100,500.00
397	2022/06/21	3,400.00	2.41	3,400.00	3,386.40	3,386.40	75	254,796.00
398	2022/06/20	3,320.00	-2.35	3,332.00	3,265.40	3,332.00	320	1,054,696.00
399	2022/06/19	3,400.00	-1.16	3,500.00	3,400.00	3,400.00	102	351,640.00
400	2022/06/17	3,440.00	-1.71	3,495.00	3,440.00	3,495.00	60	207,850.00
401	2022/06/16	3,500.00	2.19	3,558.00	3,492.00	3,492.00	170	596,460.00
402	2022/06/15	3,425.00	-2.14	3,500.00	3,365.00	3,500.00	277	943,612.00
403	2022/06/14	3,500.00	-3.37	3,550.00	3,486.00	3,550.00	154	539,765.00
404	2022/06/13	3,622.00	2	3,622.00	3,515.10	3,551.00	75	267,344.00
405	2022/06/10	3,551.00	-1.33	3,599.90	3,540.00	3,542.10	145	514,746.00
406	2022/06/09	3,599.00	-0.61	3,693.40	3,590.00	3,693.40	200	726,357.00
407	2022/06/08	3,621.00	2	3,622.00	3,551.00	3,551.00	180	651,054.00
408	2022/06/07	3,550.00	-2.61	3,610.00	3,550.00	3,610.00	495	1,777,185.00
409	2022/06/06	3,645.00	1.25	3,645.00	3,545.00	3,545.00	153	550,398.00
410	2022/06/03	3,600.00	-0.28	3,630.00	3,600.00	3,615.00	163	589,830.00
411	2022/06/02	3,610.00	0.25	3,611.00	3,602.00	3,602.00	97	349,940.00
412	2022/06/01	3,601.00	0.03	3,670.00	3,600.00	3,665.00	273	992,310.00
413	2022/05/31	3,600.00	-0.44	3,600.00	3,590.00	3,600.00	55	197,651.50
414	2022/05/30	3,616.00	-1.77	3,682.00	3,610.00	3,621.00	100	362,240.00
415	2022/05/27	3,681.00	-0.03	3,780.00	3,612.00	3,612.00	90	333,672.00
416	2022/05/26	3,682.00	0.03	3,754.60	3,682.00	3,754.00	50	186,176.00
417	2022/05/25	3,681.00	0.57	3,750.00	3,681.00	3,700.00	82	303,840.00
418	2022/05/24	3,660.00	0.25	3,798.00	3,609.00	3,609.00	140	522,435.00
419	2022/05/23	3,651.00	-2.64	3,774.00	3,650.10	3,700.00	480	1,760,687.00
420	2022/05/20	3,749.90	0.26	3,814.00	3,725.00	3,814.00	120	449,997.00
421	2022/05/19	3,740.00	-1.66	3,803.00	3,740.00	3,803.00	121	455,593.00
422	2022/05/18	3,803.00	1.55	3,819.90	3,701.00	3,819.90	283	1,063,005.30
423	2022/05/17	3,745.00	-5.19	3,872.00	3,745.00	3,871.00	157	594,930.00
424	2022/05/12	3,950.00	-0.5	4,120.00	3,900.00	4,048.00	150	598,374.00
425	2022/05/11	3,970.00	1.79	3,975.00	3,910.00	3,975.00	140	549,500.00
426	2022/05/10	3,900.00	4	3,945.00	3,824.00	3,824.00	212	816,310.00
427	2022/05/09	3,750.00	1.52	3,800.00	3,750.00	3,767.00	195	737,248.00
428	2022/05/08	3,694.00	-0.1	3,700.00	3,588.00	3,700.00	867	3,160,410.00
429	2022/05/05	3,697.80	-4.23	3,850.00	3,697.80	3,850.00	500	1,883,051.00
430	2022/05/04	3,861.00	-1.3	3,990.00	3,860.00	3,989.50	210	820,798.00
431	2022/05/02	3,912.00	-4.05	4,010.00	3,912.00	4,004.00	360	1,423,262.00
432	2022/04/28	4,077.00	0.02	4,080.00	4,077.00	4,080.00	30	122,341.00
433	2022/04/27	4,076.10	-1.54	4,100.00	4,060.00	4,100.00	1,144	4,658,162.00
434	2022/04/26	4,140.00	-2.59	4,184.10	4,140.00	4,165.10	445	1,858,527.00
435	2022/04/25	4,250.00	-0.47	4,355.40	4,185.00	4,185.00	296	1,261,832.00
436	2022/04/24	4,270.00	6.75	4,314.00	4,020.00	4,080.00	263	1,112,078.50
437	2022/04/21	4,000.00	0	4,000.00	3,922.00	3,970.00	128	507,528.00
438	2022/04/20	4,000.00	-1.49	4,061.00	4,000.00	4,061.00	52	209,220.00
439	2022/04/19	4,060.50	0.38	4,148.00	4,040.00	4,045.00	222	905,703.00
440	2022/04/18	4,045.00	-0.52	4,100.00	4,018.10	4,100.00	155	630,346.00
441	2022/04/17	4,066.00	-4.33	4,200.00	4,052.00	4,200.00	242	996,190.00
442	2022/04/13	4,250.00	4.42	4,271.00	4,120.00	4,120.00	201	843,272.10
443	2022/04/12	4,070.00	-1.45	4,132.00	4,065.10	4,130.00	400	1,642,552.00
444	2022/04/11	4,130.00	-3.89	4,382.00	4,130.00	4,382.00	318	1,342,554.00
445	2022/04/07	4,297.00	4.8	4,297.00	4,121.00	4,182.00	480	2,028,647.00
446	2022/04/06	4,100.00	-1.56	4,320.00	4,082.00	4,165.00	350	1,448,378.00
447	2022/04/05	4,165.00	-3.14	4,214.00	4,129.80	4,214.00	313	1,302,938.40
448	2022/04/04	4,300.00	0.37	4,310.00	4,199.00	4,199.00	112	478,290.00
449	2022/04/03	4,284.00	0.8	4,284.00	4,200.00	4,200.00	90	379,795.00
450	2022/03/31	4,250.00	-2.3	4,300.00	4,250.00	4,300.00	846	3,619,870.00
451	2022/03/30	4,350.00	3.69	4,406.00	4,153.00	4,153.00	127	550,688.80
452	2022/03/29	4,195.00	-3.27	4,335.00	4,195.00	4,281.00	606	2,573,161.00
453	2022/03/28	4,337.00	-0.32	4,425.00	4,337.00	4,425.00	77	335,184.00
454	2022/03/27	4,351.00	-1.69	4,480.00	4,351.00	4,480.00	163	716,645.00
455	2022/03/24	4,425.90	0.59	4,425.90	4,320.00	4,320.00	140	613,923.50
456	2022/03/23	4,400.00	-1.12	4,500.00	4,400.00	4,500.00	107	472,867.80
457	2022/03/22	4,450.00	2.75	4,550.00	4,417.00	4,417.00	334	1,498,269.00
458	2022/03/21	4,331.00	-0.32	4,431.00	4,300.00	4,330.00	212	926,050.00
459	2022/03/20	4,345.00	-3.23	4,450.00	4,313.00	4,450.00	347	1,516,942.00
460	2022/03/16	4,490.00	-0.41	4,580.00	4,489.00	4,580.00	95	431,276.00
461	2022/03/15	4,508.50	-1.99	4,670.00	4,508.50	4,600.00	279	1,278,837.50
462	2022/03/14	4,600.00	0.88	4,600.00	4,570.00	4,570.00	31	142,300.00
463	2022/03/13	4,560.00	4.11	4,600.00	4,460.00	4,467.00	325	1,474,410.00
464	2022/03/10	4,380.00	4.46	4,420.00	4,276.80	4,276.80	464	2,033,031.00
465	2022/03/09	4,193.00	-5.78	4,449.00	4,193.00	4,449.00	1,580	6,742,340.00
466	2022/03/07	4,450.00	-1.94	4,600.00	4,450.00	4,600.00	145	653,965.00
467	2022/03/06	4,538.00	0.8	4,538.00	4,451.00	4,451.00	113	509,313.00
468	2022/03/02	4,502.00	-2.45	4,525.00	4,470.00	4,525.00	253	1,139,070.00
469	2022/02/28	4,615.00	-1.81	4,700.00	4,611.10	4,700.00	136	631,611.00
470	2022/02/27	4,700.00	-0.84	4,794.00	4,645.20	4,655.00	290	1,367,832.00
471	2022/02/24	4,740.00	-0.86	4,740.00	4,606.00	4,700.00	220	1,027,600.00
472	2022/02/23	4,781.00	-1.63	4,820.00	4,781.00	4,820.00	20	96,010.00
473	2022/02/22	4,860.00	2.32	4,860.00	4,749.00	4,845.00	447	2,135,185.00
474	2022/02/21	4,750.00	2.15	4,750.00	4,625.00	4,715.00	450	2,107,375.00
475	2022/02/20	4,650.00	-1.8	4,770.00	4,640.30	4,700.00	581	2,725,277.00
476	2022/02/17	4,735.00	-1.35	4,834.00	4,720.00	4,721.00	541	2,573,269.00
477	2022/02/16	4,800.00	-0.93	4,990.00	4,800.00	4,850.00	421	2,044,546.00
478	2022/02/15	4,845.00	-0.12	4,850.10	4,755.00	4,755.00	178	858,127.00
479	2022/02/14	4,851.00	0.02	4,945.00	4,800.00	4,945.00	160	780,474.00
480	2022/02/13	4,850.00	-3.48	5,000.00	4,802.00	4,950.10	793	3,829,569.20
481	2022/02/10	5,025.00	0.5	5,099.00	5,000.00	5,099.00	50	251,840.00
482	2022/02/09	5,000.00	-0.2	5,090.00	5,000.00	5,000.00	228	1,145,921.00
483	2022/02/08	5,010.00	-0.3	5,125.00	4,949.40	5,125.00	316	1,574,767.00
484	2022/02/07	5,025.10	-0.1	5,230.00	4,975.10	5,130.00	660	3,315,518.00
485	2022/02/06	5,030.00	-1.95	5,330.00	5,029.10	5,230.00	528	2,680,771.30
486	2022/02/03	5,130.00	-0.97	5,285.00	5,130.00	5,200.00	513	2,680,110.00
487	2022/02/01	5,180.00	-0.38	5,250.00	5,145.00	5,200.00	290	1,509,090.00
488	2022/01/31	5,200.00	0.04	5,320.00	5,200.00	5,210.00	1,318	6,942,779.00
489	2022/01/30	5,198.00	2.93	5,250.00	5,055.00	5,151.00	913	4,735,175.00
490	2022/01/27	5,050.00	-0.98	5,100.00	4,992.00	4,999.00	270	1,357,460.00
491	2022/01/26	5,100.00	0	5,100.00	4,900.00	5,000.00	602	3,003,338.00
492	2022/01/25	5,100.00	2	5,200.00	4,993.00	5,095.00	387	1,955,075.00
493	2022/01/24	5,000.00	-5.07	5,200.00	4,950.00	5,200.00	1,600	8,051,968.50
494	2022/01/23	5,267.00	-0.15	5,400.00	5,267.00	5,380.00	305	1,628,290.00
495	2022/01/20	5,275.00	1.64	5,293.80	5,190.00	5,190.00	565	2,962,097.20
496	2022/01/19	5,190.00	-2.97	5,455.00	5,190.00	5,260.00	612	3,216,088.00
497	2022/01/18	5,349.00	-3.06	5,599.00	5,272.00	5,598.00	512	2,792,405.50
498	2022/01/17	5,518.00	-0.58	5,600.00	5,392.00	5,500.00	354	1,944,660.00
499	2022/01/16	5,550.00	1.13	5,763.00	5,488.00	5,488.00	1,395	7,767,038.00
500	2022/01/13	5,488.00	4.53	5,618.00	5,165.00	5,250.00	753	4,081,129.00
501	2022/01/12	5,250.00	0.96	5,525.00	5,186.50	5,200.00	1,263	6,817,224.00
502	2022/01/11	5,200.00	2	5,246.00	5,160.00	5,199.00	519	2,701,323.00
503	2022/01/10	5,098.00	-0.53	5,203.00	5,096.00	5,203.00	420	2,152,840.00
504	2022/01/09	5,125.10	0.69	5,202.00	5,100.00	5,191.80	1,146	5,908,485.00
505	2022/01/06	5,090.00	-2.15	5,100.00	5,031.00	5,098.00	449	2,284,600.00
506	2022/01/05	5,202.00	4.04	5,202.00	4,901.00	4,950.00	660	3,312,257.00
507	2022/01/04	5,000.00	2	5,100.00	4,945.00	4,999.90	710	3,566,483.00
508	2022/01/03	4,902.00	1.07	5,246.80	4,880.00	4,945.50	267	1,332,862.00
509	2022/01/02	4,850.00	-0.1	4,880.00	4,834.00	4,838.10	500	2,419,932.00
510	2021/12/29	4,855.00	2.21	4,936.80	4,835.00	4,835.00	395	1,942,699.00
511	2021/12/28	4,750.00	-1.35	4,899.00	4,750.00	4,899.00	414	1,989,972.00
512	2021/12/27	4,815.00	0.27	5,004.00	4,810.00	4,898.00	1,185	5,791,649.00
513	2021/12/26	4,802.00	-2.95	5,130.00	4,802.00	5,030.00	565	2,817,690.00
514	2021/12/23	4,948.00	2.15	5,170.00	4,800.00	4,870.00	1,077	5,376,489.00
515	2021/12/22	4,844.00	7.64	4,850.10	4,550.00	4,550.00	1,047	4,945,599.00
516	2021/12/21	4,500.00	2.27	4,500.00	4,400.00	4,488.00	763	3,413,005.00
517	2021/12/20	4,400.00	-1.12	4,410.00	4,193.00	4,365.00	366	1,585,067.00
518	2021/12/16	4,450.00	-3.87	4,536.50	4,295.00	4,536.50	410	1,789,231.40
519	2021/12/15	4,629.00	5.2	4,669.30	4,400.00	4,488.10	620	2,788,881.00
520	2021/12/14	4,400.10	10	4,400.10	4,000.00	4,002.00	569	2,426,233.00
521	2021/12/13	4,000.10	-8.51	4,320.00	4,000.10	4,285.00	897	3,688,085.00
522	2021/12/12	4,372.00	-5.95	4,600.00	4,294.00	4,600.00	829	3,680,352.20
523	2021/12/09	4,648.50	-0.88	4,743.00	4,597.00	4,690.00	240	1,116,385.00
524	2021/12/08	4,690.00	-4.27	4,805.00	4,690.00	4,805.00	180	854,125.00
525	2021/12/07	4,899.10	-2.02	5,100.00	4,899.10	5,100.00	402	1,989,286.00
526	2021/12/06	5,000.00	2	5,000.00	4,800.00	4,900.00	415	2,026,961.00
527	2021/12/05	4,902.00	-2.08	5,000.00	4,900.00	5,000.00	323	1,589,975.10
528	2021/12/02	5,006.00	-1.84	5,056.00	5,005.10	5,050.00	200	1,005,688.00
529	2021/12/01	5,100.00	0.2	5,200.00	5,100.00	5,191.00	380	1,947,651.00
530	2021/11/30	5,090.00	-0.2	5,100.00	5,090.00	5,100.00	82	417,900.00
531	2021/11/29	5,100.00	0	5,210.00	5,080.00	5,201.00	830	4,241,667.90
532	2021/11/28	5,100.00	-2.86	5,260.00	5,100.00	5,250.00	624	3,210,956.00
533	2021/11/25	5,250.00	0	5,327.80	5,200.00	5,327.80	123	642,424.40
534	2021/11/24	5,250.00	-1.5	5,300.00	5,217.00	5,300.00	762	3,987,687.00
535	2021/11/23	5,330.00	-1.3	5,400.00	5,280.00	5,400.00	295	1,564,410.00
536	2021/11/22	5,400.00	1.68	5,417.00	5,205.00	5,417.00	387	2,046,546.00
537	2021/11/21	5,311.00	-1.47	5,503.00	5,306.00	5,396.00	357	1,918,103.00
538	2021/11/18	5,390.00	-3.01	5,559.00	5,390.00	5,450.00	220	1,204,478.50
539	2021/11/17	5,557.00	-0.86	5,717.00	5,552.00	5,717.00	685	3,855,619.00
540	2021/11/16	5,605.00	6.24	5,803.00	5,300.00	5,300.00	1,563	8,749,471.00
541	2021/11/15	5,276.00	4.29	5,350.00	5,160.10	5,160.10	328	1,733,881.30
542	2021/11/14	5,059.00	0.08	5,191.00	4,990.00	4,991.00	559	2,861,848.00
543	2021/11/11	5,055.00	-3.71	5,299.00	5,000.00	5,250.00	1,433	7,312,153.00
544	2021/11/09	5,250.00	-4.55	5,400.00	5,250.00	5,395.00	712	3,780,141.00
545	2021/11/08	5,500.00	1.01	5,547.00	5,425.00	5,425.00	205	1,132,230.00
546	2021/11/03	5,445.00	-2.59	5,700.00	5,445.00	5,590.00	460	2,545,052.00
547	2021/11/02	5,590.00	-2.95	5,690.00	5,550.00	5,655.00	1,036	5,767,467.60
548	2021/11/01	5,760.00	-1.54	5,840.00	5,650.00	5,840.00	376	2,155,406.00
549	2021/10/31	5,850.00	6.13	5,875.00	5,402.00	5,451.00	1,036	5,935,611.00
550	2021/10/28	5,512.00	1.89	5,600.00	5,400.00	5,500.00	303	1,678,852.00
551	2021/10/27	5,410.00	2.06	5,700.00	5,302.00	5,407.00	514	2,821,849.00
552	2021/10/26	5,301.00	0.02	5,500.00	5,301.00	5,370.00	350	1,882,281.00
553	2021/10/25	5,300.00	0	5,370.00	5,200.00	5,200.00	310	1,646,930.00
554	2021/10/24	5,300.00	2.91	5,300.00	5,055.00	5,155.00	585	3,040,856.00
555	2021/10/21	5,150.00	-0.92	5,300.00	5,091.00	5,150.00	90	464,670.00
556	2021/10/20	5,198.00	3.96	5,202.00	5,098.00	5,100.00	448	2,308,006.00
557	2021/10/19	5,000.00	-2.91	5,065.00	4,960.00	5,065.00	1,100	5,498,448.10
558	2021/10/18	5,150.00	-1.9	5,200.00	5,145.00	5,200.00	165	851,716.00
559	2021/10/17	5,250.00	-1.5	5,434.60	5,241.00	5,430.00	90	479,706.00
560	2021/10/11	5,330.00	-2.88	5,450.00	5,250.00	5,450.00	477	2,530,510.00
561	2021/10/10	5,488.00	3.04	5,599.80	5,381.00	5,432.50	279	1,533,251.00
562	2021/10/06	5,326.00	2.44	5,326.00	5,220.00	5,302.90	417	2,190,303.00
563	2021/10/05	5,199.00	2.95	5,230.00	5,130.00	5,151.00	725	3,732,289.00
564	2021/10/04	5,050.00	0	5,150.00	5,050.00	5,148.00	140	712,840.00
565	2021/10/03	5,050.00	-3.63	5,280.00	5,035.10	5,280.00	475	2,441,682.00
566	2021/09/30	5,240.00	0	5,500.00	5,240.00	5,343.00	358	1,933,382.00
567	2021/09/29	5,240.00	1.95	5,245.00	5,050.00	5,060.10	453	2,353,384.00
568	2021/09/28	5,140.00	-1.91	5,340.00	5,135.20	5,136.10	620	3,208,095.00
569	2021/09/27	5,240.00	-1.13	5,300.00	5,200.00	5,280.00	1,071	5,577,937.00
570	2021/09/26	5,300.00	-4.52	5,662.00	5,285.00	5,662.00	951	5,126,022.00
571	2021/09/23	5,551.00	-3.46	5,895.00	5,551.00	5,850.00	609	3,494,541.00
572	2021/09/22	5,750.00	7.34	5,795.00	5,460.00	5,460.00	762	4,294,287.00
573	2021/09/21	5,357.00	-0.89	5,514.00	4,865.00	5,296.90	1,137	5,886,662.00
574	2021/09/20	5,405.00	-5.19	5,650.00	5,380.00	5,650.00	1,073	5,858,851.00
575	2021/09/16	5,701.00	-2.26	5,910.00	5,650.00	5,720.00	1,442	8,286,728.00
576	2021/09/15	5,833.00	-2.07	5,956.00	5,833.00	5,843.00	544	3,188,412.00
577	2021/09/14	5,956.00	0.1	6,059.00	5,950.00	5,950.00	213	1,276,948.00
578	2021/09/13	5,950.00	0	6,100.00	5,950.00	6,069.00	453	2,716,334.00
579	2021/09/12	5,950.00	0.85	6,138.00	5,875.00	6,017.00	891	5,319,039.00
580	2021/09/09	5,900.00	2.43	5,975.00	5,627.20	5,858.00	3,235	18,652,740.60
581	2021/09/08	5,760.00	-3.19	6,050.00	5,750.00	5,960.00	721	4,224,966.00
582	2021/09/07	5,950.00	-2.86	6,200.00	5,765.40	6,200.00	590	3,549,702.00
583	2021/09/06	6,125.00	5.6	6,270.00	5,831.00	5,916.00	757	4,611,639.00
584	2021/09/05	5,800.00	-5.69	6,050.00	5,700.00	6,027.00	1,423	8,325,870.00
585	2021/09/02	6,150.00	-0.18	6,393.00	6,050.10	6,050.10	1,039	6,479,448.00
586	2021/09/01	6,161.20	-0.14	6,280.00	6,160.00	6,280.00	972	6,014,147.00
587	2021/08/31	6,170.00	-2.06	6,300.00	6,170.00	6,300.00	694	4,300,773.00
588	2021/08/29	6,300.00	-2.33	6,540.00	6,300.00	6,450.00	870	5,565,778.00
589	2021/08/26	6,450.00	1.94	6,579.00	6,325.00	6,450.00	793	5,080,150.00
590	2021/08/25	6,327.00	-2.16	6,467.00	6,300.00	6,467.00	1,437	9,112,947.00
591	2021/08/24	6,467.00	-3.19	6,630.00	6,466.00	6,615.00	1,449	9,470,117.00
592	2021/08/19	6,680.00	-1.34	6,890.00	6,680.00	6,890.00	1,376	9,278,997.00
593	2021/08/18	6,771.00	-1.87	6,990.00	6,771.00	6,900.00	930	6,397,489.50
594	2021/08/17	6,900.00	-1.36	7,134.90	6,860.00	7,134.90	1,387	9,604,199.50
595	2021/08/16	6,995.00	2.94	7,210.00	6,795.00	6,930.90	5,197	36,610,126.50
596	2021/08/15	6,795.00	2.49	6,795.00	6,550.00	6,630.00	1,762	11,791,400.00
597	2021/08/12	6,630.00	0.15	6,752.40	6,630.00	6,620.00	801	5,341,453.20
598	2021/08/11	6,620.00	-1.19	6,770.00	6,600.00	6,600.00	652	4,337,705.00
599	2021/08/10	6,700.00	-0.74	6,850.00	6,700.00	6,750.00	810	5,470,534.00
600	2021/08/09	6,750.00	2.74	6,785.00	6,500.00	6,650.00	1,194	7,954,597.00
601	2021/08/08	6,570.00	-2.23	6,800.00	6,566.70	6,789.00	1,280	8,495,135.00
602	2021/08/05	6,720.00	-1.47	6,950.00	6,572.00	6,950.00	2,148	14,460,955.40
603	2021/08/04	6,820.00	-0.22	6,971.70	6,770.10	6,971.00	1,057	7,208,218.50
604	2021/08/03	6,835.00	-1.23	7,058.40	6,780.00	7,058.40	1,188	8,123,974.00
605	2021/08/02	6,920.00	-0.1	7,080.00	6,542.00	6,950.00	1,993	13,599,016.00
606	2021/08/01	6,927.00	-0.33	7,162.00	6,811.00	6,812.00	1,700	11,886,968.00
607	2021/07/29	6,950.00	-1.57	7,200.00	6,900.00	7,010.00	1,635	11,501,049.00
608	2021/07/28	7,061.00	-1.38	7,449.00	7,000.00	7,160.00	5,238	37,508,960.00
609	2021/07/27	7,160.00	-3.06	8,124.30	6,713.00	7,533.50	6,646	48,736,149.00
610	2021/07/26	7,385.80	10	7,385.80	6,848.60	6,848.60	2,717	20,053,877.60
611	2021/07/25	6,714.40	10	6,714.40	6,226.00	6,226.00	1,307	8,724,680.00
612	2021/07/22	6,104.00	-3.1	6,340.00	6,023.00	6,340.00	806	4,940,558.20
613	2021/07/20	6,299.00	2.09	6,576.00	6,170.00	6,293.00	2,208	13,823,566.50
614	2021/07/19	6,170.00	9.2	6,215.00	5,640.00	5,640.00	3,161	19,385,496.80
615	2021/07/18	5,650.00	0.89	5,800.00	5,650.00	5,710.00	228	1,297,215.00
616	2021/07/15	5,600.00	0	5,712.00	5,510.00	5,712.00	622	3,495,440.00
617	2021/07/14	5,600.00	-1.41	5,605.00	5,600.00	5,605.00	125	700,050.00
618	2021/07/13	5,680.00	1.43	5,710.00	5,600.00	5,710.00	316	1,784,900.00
619	2021/07/12	5,600.00	-2.44	5,751.00	5,600.00	5,700.00	729	4,121,280.00
620	2021/07/11	5,740.00	2.5	5,750.00	5,600.00	5,600.00	645	3,651,810.00
621	2021/07/08	5,600.00	0.18	5,799.00	5,570.00	5,648.00	783	4,393,745.00
622	2021/07/07	5,590.00	-1.67	5,798.00	5,572.00	5,798.00	268	1,510,000.00
623	2021/07/06	5,685.00	-3.3	6,383.00	5,685.00	5,899.00	2,698	16,348,879.00
624	2021/07/05	5,879.00	9.99	5,879.00	5,150.00	5,261.00	2,602	14,410,930.00
625	2021/07/04	5,345.00	-2.73	5,500.00	5,299.00	5,500.00	2,129	11,445,560.00
626	2021/07/01	5,495.00	-0.09	5,600.00	5,400.00	5,500.00	637	3,493,175.00
627	2021/06/30	5,500.00	-0.22	5,622.00	5,302.00	5,620.00	836	4,540,436.00
628	2021/06/29	5,512.00	-1.68	5,718.00	5,512.00	5,718.00	863	4,799,451.00
629	2021/06/28	5,606.00	-1.3	5,900.00	5,606.00	5,670.00	1,050	6,028,200.00
630	2021/06/27	5,680.00	-2.07	5,916.00	5,587.00	5,914.00	760	4,314,954.00
631	2021/06/24	5,800.00	-1.61	6,000.00	5,782.00	6,000.00	546	3,172,580.00
632	2021/06/23	5,895.00	-3.04	6,200.00	5,881.00	5,960.00	960	5,770,000.00
633	2021/06/22	6,080.00	2.18	6,242.00	5,782.00	5,900.00	815	4,878,156.00
634	2021/06/21	5,950.00	-0.83	6,120.00	5,900.00	6,000.00	1,324	7,864,251.00
635	2021/06/20	6,000.00	-4.56	6,324.00	6,000.00	6,200.00	1,981	12,157,289.00
636	2021/06/17	6,287.00	-1.4	6,400.00	6,287.00	6,376.00	416	2,642,596.00
637	2021/06/16	6,376.00	-3.39	6,600.00	6,300.00	6,600.00	1,511	9,649,745.00
638	2021/06/15	6,600.00	1.9	6,840.00	6,391.00	6,450.00	1,572	10,320,156.00
639	2021/06/14	6,477.00	-0.35	6,620.00	6,460.00	6,500.00	721	4,689,297.00
640	2021/06/13	6,500.00	-0.8	6,754.00	6,620.00	6,620.00	1,256	10,160,514.00
641	2021/06/10	6,623.00	1.24	6,620.00	6,620.00	6,620.00	943	9,292,830.00
642	2021/06/09	6,618.00	1.82	7,019.00	6,550.00	6,550.00	1,185	8,005,255.00
643	2021/06/08	6,500.00	-1.52	6,600.00	6,370.00	6,600.00	3,152	20,330,037.00
644	2021/06/07	6,600.00	-0.98	6,730.00	6,563.00	6,665.00	970	6,445,695.00
645	2021/06/06	6,665.00	0.23	7,315.00	6,653.00	6,783.00	1,146	7,742,358.00
646	2021/06/03	6,650.00	-0.84	7,041.00	6,650.00	7,041.00	2,052	13,776,448.00
647	2021/06/02	6,750.00	-1.03	6,920.00	6,752.00	6,820.00	799	5,546,223.00
648	2021/06/01	6,800.00	-1.29	6,780.00	6,752.00	6,780.00	1,458	10,008,936.00
649	2021/05/31	6,889.00	-1.59	7,099.00	6,810.00	7,099.00	1,385	9,568,981.00
650	2021/05/30	7,000.00	0	7,140.00	6,855.00	7,140.00	2,766	19,310,845.00
651	2021/05/27	7,000.00	-0.71	7,416.00	6,902.00	6,909.00	3,020	21,250,091.00
652	2021/05/25	7,050.00	-0.66	7,382.00	6,742.00	7,235.00	3,667	25,946,927.00
653	2021/05/24	7,097.00	-0.04	7,533.00	6,958.00	7,156.00	2,845	20,406,415.00
654	2021/05/23	7,100.00	-0.17	7,333.00	6,860.00	7,050.00	4,809	33,676,943.00
655	2021/05/20	7,112.00	-3.63	7,377.00	7,101.00	7,233.00	2,416	17,377,165.00
656	2021/05/19	7,380.00	5.49	7,555.00	6,910.00	7,135.00	5,936	42,807,289.00
657	2021/05/18	6,996.00	10	6,996.00	6,287.00	6,678.00	5,657	38,376,300.00
658	2021/05/17	6,360.00	-1.84	6,628.00	6,127.00	6,608.00	3,642	23,301,768.00
659	2021/05/16	6,479.00	9.37	6,516.00	5,739.00	6,220.00	7,645	48,223,002.00
660	2021/05/13	5,924.00	9.99	5,924.00	5,493.00	5,493.00	8,719	51,022,922.00
661	2021/05/12	5,386.00	9.99	5,386.00	4,653.00	4,653.00	7,181	37,539,817.00
662	2021/05/11	4,897.00	-10	5,169.00	4,897.00	5,169.00	2,671	13,097,177.00
663	2021/05/10	5,441.00	-9.99	5,743.00	5,441.00	5,743.00	676	3,686,224.00
664	2021/05/09	6,045.00	-9.99	6,381.00	6,045.00	6,381.00	670	4,059,800.00
665	2021/05/06	6,716.00	-10	8,208.00	6,716.00	7,611.00	7,881	61,565,897.00
666	2021/05/05	7,462.00	9.99	7,462.00	6,919.00	6,919.00	220	1,615,110.00
667	2021/05/04	6,784.00	9.99	6,784.00	6,291.00	6,291.00	626	4,213,774.00
668	2021/05/03	6,168.00	9.99	6,168.00	5,888.00	5,888.00	1,289	7,942,892.00
669	2021/05/02	5,608.00	9.98	5,608.00	5,353.00	5,353.00	600	3,308,600.00
670	2021/04/29	5,099.00	9.99	5,099.00	4,864.00	4,864.00	2,678	13,649,622.00
671	2021/04/28	4,636.00	9.99	4,636.00	4,513.00	4,513.00	3,716	17,404,947.00
672	2021/04/27	4,215.00	9.99	4,215.00	4,023.00	4,023.00	4,723	19,875,525.00
673	2021/04/26	3,832.00	9.99	3,832.00	3,658.00	3,658.00	5,221	19,935,352.00
674	2021/04/25	3,484.00	9.97	3,484.00	3,326.00	3,326.00	1,212	4,218,285.00
675	2021/04/22	3,168.00	10	3,168.00	3,024.00	3,024.00	555	1,733,590.00
676	2021/01/31	2,880.00	-1.4	3,038.00	2,850.00	2,979.00	898	2,623,902.00
677	2021/01/28	2,921.00	-1.98	3,039.00	2,900.00	3,000.00	2,133	6,454,240.00
678	2021/01/27	2,980.00	-0.67	3,050.00	2,940.00	3,050.00	1,273	3,808,700.00
679	2021/01/26	3,000.00	-3.16	3,120.00	3,000.00	3,119.00	1,018	3,093,670.00
680	2021/01/25	3,098.00	3.27	3,139.00	3,000.00	3,000.00	2,054	6,354,565.00
681	2021/01/24	3,000.00	-2.94	3,120.00	2,950.00	3,120.00	1,694	5,073,880.00
682	2021/01/21	3,091.00	-1.43	3,198.00	3,083.00	3,190.00	806	2,529,985.00
683	2021/01/20	3,136.00	-3.95	3,275.00	3,135.00	3,275.00	2,150	6,881,860.00
684	2021/01/19	3,265.00	5.83	3,393.00	3,185.00	3,239.00	4,469	14,799,012.00
685	2021/01/18	3,085.00	9.98	3,085.00	2,775.00	2,776.00	3,829	11,405,945.00
686	2021/01/17	2,805.00	1.85	2,805.00	2,753.00	2,796.00	550	1,534,875.00
687	2021/01/13	2,754.00	-0.36	2,815.00	2,754.00	2,815.00	303	843,525.00
688	2021/01/12	2,764.00	0.47	2,800.00	2,750.00	2,795.00	750	2,085,167.00
689	2021/01/11	2,751.00	-0.33	2,830.00	2,750.00	2,815.00	360	999,660.00
690	2021/01/10	2,760.00	-1.6	2,917.00	2,748.00	2,861.00	1,523	4,265,244.00
691	2021/01/07	2,805.00	0.18	2,855.00	2,750.00	2,855.00	531	1,480,945.00
692	2021/01/06	2,800.00	0.9	2,830.00	2,760.00	2,760.00	533	1,483,021.00
693	2021/01/05	2,775.00	-2.63	2,898.00	2,738.00	2,898.00	411	1,155,590.00
694	2021/01/04	2,850.00	0.35	2,953.00	2,850.00	2,895.00	785	2,258,720.00
695	2021/01/03	2,840.00	6.37	2,900.00	2,720.00	2,720.00	3,845	10,819,140.00
696	2020/12/31	2,670.00	-0.3	2,840.00	2,670.00	2,731.00	1,146	3,132,769.00
697	2020/12/30	2,678.00	5.1	2,678.00	2,548.00	2,548.00	885	2,325,975.00
698	2020/12/29	2,548.00	-1.62	2,600.00	2,548.00	2,590.00	250	643,340.00
699	2020/12/28	2,590.00	1.93	2,591.00	2,541.00	2,541.00	162	418,472.00
700	2020/12/27	2,541.00	-5.54	2,640.00	2,541.00	2,640.00	535	1,420,410.00
701	2020/12/24	2,690.00	-0.37	2,702.00	2,690.00	2,701.00	70	188,990.00
702	2020/12/23	2,700.00	-1.82	2,805.00	2,697.00	2,805.00	500	1,373,600.00
703	2020/12/22	2,750.00	3.66	2,860.00	2,700.00	2,700.00	1,099	3,073,630.00
704	2020/12/21	2,653.00	4.12	2,653.00	2,400.00	2,499.00	1,020	2,537,430.00
705	2020/12/20	2,548.00	-5.63	2,649.00	2,543.00	2,646.00	1,309	3,388,790.00
706	2020/12/17	2,700.00	-3.33	2,800.00	2,653.00	2,800.00	1,607	4,410,490.00
707	2020/12/16	2,793.00	-0.25	2,925.00	2,793.00	2,800.00	1,376	3,901,551.00
708	2020/12/15	2,800.00	-3.41	2,870.00	2,800.00	2,843.00	1,606	4,556,727.00
709	2020/12/14	2,899.00	0.03	2,990.00	2,845.00	2,955.00	1,826	5,245,505.00
710	2020/12/13	2,898.00	-0.07	2,958.00	2,852.00	2,958.00	250	723,290.00
711	2020/12/10	2,900.00	1.4	2,975.00	2,804.00	2,860.00	1,417	4,085,250.00
712	2020/12/09	2,860.00	-4.67	3,050.00	2,855.00	2,940.00	1,225	3,557,590.00
713	2020/12/08	3,000.00	-5.75	3,300.00	2,998.00	3,246.00	1,199	3,713,434.00
714	2020/12/07	3,183.00	9.95	3,183.00	2,838.00	2,838.00	1,087	3,323,702.00
715	2020/12/06	2,895.00	-9.25	3,127.00	2,880.00	3,127.00	1,566	4,600,396.00
716	2020/12/03	3,190.00	-6.97	3,489.00	3,137.00	3,489.00	1,353	4,368,456.00
717	2020/12/02	3,429.00	9.97	3,429.00	3,053.00	3,180.00	2,718	8,796,638.00
718	2020/12/01	3,118.00	-3.77	3,500.00	3,118.00	3,304.00	2,389	7,829,790.00
719	2020/11/30	3,240.00	-10	3,669.00	3,240.00	3,528.00	7,133	23,439,221.00
720	2020/11/29	3,600.00	-10	3,920.00	3,600.00	3,920.00	655	2,374,890.00
721	2020/11/26	4,000.00	1.27	4,345.00	3,800.00	4,000.00	2,396	9,850,505.00
722	2020/11/25	3,950.00	10	3,950.00	3,662.00	3,662.00	4,711	21,735,790.00
723	2020/11/24	3,591.00	9.95	3,591.00	3,266.00	3,266.00	5,535	19,428,308.00
724	2020/11/23	3,266.00	1.11	3,553.00	3,041.00	3,167.00	4,877	15,681,587.00
725	2020/11/22	3,230.00	-2.97	3,519.00	3,066.00	3,495.00	4,458	14,734,065.00
726	2020/11/19	3,329.00	9.98	3,329.00	3,150.00	3,150.00	461	1,524,039.00
727	2020/11/18	3,027.00	9.99	3,027.00	2,889.00	2,889.00	905	2,731,691.00
728	2020/11/12	2,752.00	9.99	2,752.00	2,552.00	2,552.00	5,386	17,060,272.00
729	2020/11/11	2,502.00	9.98	2,502.00	2,230.00	2,250.00	3,074	7,554,885.00
730	2020/11/10	2,275.00	-4.61	2,400.00	2,259.00	2,395.00	1,000	2,308,935.00
731	2020/11/09	2,385.00	-0.29	2,392.00	2,299.00	2,392.00	1,042	2,448,325.00
732	2020/11/08	2,392.00	1.53	2,392.00	2,132.00	2,309.00	2,883	6,601,314.00
733	2020/11/05	2,356.00	-8.5	2,757.00	2,356.00	2,703.00	3,748	9,737,089.00
734	2020/11/04	2,575.00	10	2,575.00	2,458.00	2,458.00	5,312	13,637,870.00
735	2020/11/03	2,341.00	9.96	2,341.00	2,235.00	2,235.00	2,446	5,719,486.00
736	2020/11/02	2,129.00	9.97	2,129.00	1,940.00	1,940.00	295	618,725.00
737	2020/11/01	1,936.00	10	1,936.00	1,795.00	1,795.00	601	1,149,112.00
738	2020/10/29	1,760.00	3.04	1,760.00	1,709.00	1,710.00	820	1,420,460.00
739	2020/10/28	1,708.00	1.97	1,708.00	1,700.00	1,700.00	118	201,082.00
740	2020/10/22	1,675.00	1.39	1,685.00	1,675.00	1,685.00	80	134,300.00
741	2020/10/21	1,652.00	-1.37	1,655.00	1,648.00	1,655.00	350	577,520.00
742	2020/10/20	1,675.00	2.13	1,739.00	1,672.00	1,672.00	108	182,600.00
743	2020/10/19	1,640.00	-1.2	1,670.00	1,640.00	1,670.00	70	116,310.00
744	2020/10/15	1,660.00	-0.36	1,699.00	1,660.00	1,660.00	355	598,160.00
745	2020/10/14	1,666.00	-0.95	1,715.00	1,666.00	1,715.00	180	302,610.00
746	2020/10/13	1,682.00	0.12	1,682.00	1,682.00	1,682.00	10	16,820.00
747	2020/10/12	1,680.00	0.6	1,699.00	1,680.00	1,699.00	75	126,228.00
748	2020/10/11	1,670.00	-1.76	1,700.00	1,670.00	1,700.00	160	268,300.00
749	2020/10/08	1,700.00	-1.62	1,701.00	1,694.00	1,701.00	90	152,950.00
750	2020/10/07	1,728.00	3.97	1,728.00	1,662.00	1,695.00	440	746,410.00
751	2020/10/06	1,662.00	2.09	1,662.00	1,630.00	1,660.00	130	215,630.00
752	2020/10/05	1,628.00	1.94	1,628.00	1,628.00	1,628.00	20	32,560.00
753	2020/10/04	1,597.00	-1.96	1,629.00	1,597.00	1,629.00	150	242,890.00
754	2020/09/30	1,629.00	0	1,629.00	1,629.00	1,629.00	100	162,900.00
755	2020/09/29	1,629.00	1.18	1,629.00	1,599.00	1,602.00	105	169,265.00
756	2020/09/28	1,610.00	-0.12	1,615.00	1,610.00	1,612.00	97	156,419.00
757	2020/09/27	1,612.00	-1.41	1,635.00	1,603.00	1,635.00	270	434,940.00
758	2020/09/24	1,635.00	-0.3	1,635.00	1,611.00	1,617.00	94	151,828.00
759	2020/09/23	1,640.00	-1.56	1,640.00	1,633.00	1,633.00	30	49,120.00
760	2020/09/22	1,666.00	-2.57	1,700.00	1,666.00	1,690.00	495	833,660.00
761	2020/09/21	1,710.00	-0.12	1,710.00	1,680.00	1,680.00	50	84,300.00
762	2020/09/17	1,712.00	3.76	1,712.00	1,585.00	1,617.00	805	1,529,041.00
763	2020/09/16	1,650.00	1.79	1,650.00	1,589.00	1,600.00	674	1,088,920.00
764	2020/09/15	1,621.00	-1.16	1,621.00	1,608.00	1,610.00	150	297,605.00
765	2020/09/13	1,640.00	-2.9	1,656.00	1,640.00	1,656.00	100	164,800.00
766	2020/09/10	1,689.00	1.99	1,690.00	1,689.00	1,689.00	168	283,772.00
767	2020/09/09	1,656.00	5.41	1,656.00	1,600.00	1,600.00	354	574,634.00
768	2020/09/07	1,571.00	0	1,571.00	1,571.00	1,571.00	121	190,091.00
769	2020/09/06	1,571.00	-1.81	1,600.00	1,571.00	1,600.00	260	409,184.00
770	2020/09/03	1,600.00	0.63	1,600.00	1,600.00	1,600.00	22	35,200.00
771	2020/09/02	1,590.00	0	1,619.00	1,590.00	1,619.00	150	241,400.00
772	2020/08/31	1,590.00	-0.31	1,624.00	1,590.00	1,624.00	254	408,856.00
773	2020/08/27	1,553.00	-3.9	1,584.00	1,553.00	1,584.00	80	126,230.00
774	2020/08/25	1,595.00	-1.85	1,595.00	1,595.00	1,595.00	70	111,650.00
775	2020/08/23	1,625.00	0.06	1,625.00	1,605.00	1,615.00	85	137,400.00
776	2020/08/20	1,624.00	5.52	1,657.00	1,555.00	1,555.00	230	370,345.00
777	2020/08/19	1,539.00	2.6	1,560.00	1,530.00	1,530.00	60	92,280.00
778	2020/08/18	1,500.00	0	1,505.00	1,500.00	1,505.00	100	150,170.00
779	2020/08/16	1,500.00	-0.73	1,502.00	1,500.00	1,502.00	205	307,580.00
780	2020/08/12	1,511.00	0.07	1,540.00	1,511.00	1,540.00	230	349,230.00
781	2020/08/11	1,510.00	-1.63	1,559.00	1,510.00	1,559.00	30	45,970.00
782	2020/08/05	1,540.00	0.72	1,540.00	1,540.00	1,540.00	118	181,720.00
783	2020/08/03	1,529.00	1.19	1,529.00	1,529.00	1,529.00	20	30,580.00
784	2020/08/02	1,511.00	-1.88	1,511.00	1,510.00	1,510.00	30	45,320.00
785	2020/07/30	1,540.00	0	1,551.00	1,539.00	1,551.00	100	154,200.00
786	2020/07/29	1,540.00	-1.91	1,580.00	1,540.00	1,580.00	650	1,020,020.00
787	2020/07/28	1,570.00	-1.87	1,590.00	1,559.00	1,590.00	475	743,430.00
788	2020/07/27	1,600.00	0.63	1,600.00	1,600.00	1,600.00	50	80,000.00
789	2020/07/23	1,583.00	-1.92	1,583.00	1,583.00	1,583.00	100	158,300.00
790	2020/07/22	1,614.00	1.96	1,614.00	1,613.00	1,613.00	20	32,270.00
791	2020/07/21	1,583.00	-1.98	1,583.00	1,583.00	1,583.00	10	15,830.00
792	2020/07/20	1,615.00	1.89	1,615.00	1,615.00	1,615.00	60	96,900.00
793	2020/07/16	1,585.00	1.54	1,585.00	1,549.00	1,550.00	333	524,887.00
794	2020/07/15	1,561.00	-1.2	1,605.00	1,561.00	1,605.00	240	378,300.00
795	2020/07/14	1,580.00	-3.66	1,608.00	1,580.00	1,608.00	140	222,320.00
796	2020/07/13	1,640.00	1.99	1,640.00	1,640.00	1,640.00	20	32,800.00
801	2020/07/09	1,608.00	-1.95	1,608.00	1,608.00	1,608.00	60	96,480.00
802	2020/07/08	1,640.00	1.55	1,640.00	1,640.00	1,640.00	20	32,800.00
803	2020/07/07	1,615.00	4.26	1,615.00	1,570.00	1,570.00	170	272,290.00
804	2020/07/06	1,549.00	-3.91	1,580.00	1,549.00	1,580.00	80	124,560.00
805	2020/07/01	1,612.00	4	1,612.00	1,581.00	1,581.00	20	31,930.00
806	2020/06/29	1,550.00	1.44	1,550.00	1,550.00	1,550.00	10	15,500.00
807	2020/03/19	1,528.00	-3.96	1,560.00	1,470.00	1,560.00	535	805,300.00
808	2020/03/18	1,623.00	-4.13	1,660.00	1,592.00	1,660.00	180	356,030.00
809	2020/03/17	1,693.00	1.99	1,693.00	1,595.00	1,662.00	330	540,650.00
810	2020/03/16	1,660.00	-0.3	1,718.00	1,660.00	1,698.00	2,315	3,844,920.00
811	2020/03/15	1,665.00	-7.45	1,765.00	1,665.00	1,765.00	1,315	2,235,740.00
812	2020/03/12	1,799.00	-0.83	1,799.00	1,779.00	1,779.00	60	106,940.00
813	2020/03/11	1,814.00	1.23	1,814.00	1,757.00	1,757.00	280	496,200.00
814	2020/03/05	1,792.00	1.93	1,828.00	1,731.00	1,758.00	410	734,840.00
815	2020/03/05	1,758.00	-5.74	1,831.00	1,758.00	1,865.00	180	734,840.00
816	2020/03/03	1,865.00	0.05	1,867.00	1,797.00	1,864.00	270	497,920.00
817	2020/03/02	1,864.00	-5.81	1,940.00	1,864.00	1,940.00	110	208,840.00
818	2020/03/01	1,979.00	1.96	1,979.00	1,979.00	1,941.00	10	19,790.00
819	2020/02/27	1,941.00	-4.38	2,050.00	1,921.00	1,990.00	2,682	5,323,852.00
820	2020/02/26	2,030.00	2.78	2,044.00	1,975.00	2,014.00	3,034	6,059,590.00
821	2020/02/25	1,975.00	3.67	2,015.00	1,868.00	1,905.00	835	1,614,790.00
822	2020/02/24	1,905.00	-2.31	1,989.00	1,905.00	1,950.00	185	355,755.00
823	2020/02/23	1,950.00	2.79	2,011.00	1,930.00	1,930.00	2,817	5,549,170.00
824	2020/02/20	1,897.00	2.65	1,997.00	1,875.00	1,848.00	1,187	2,254,500.00
825	2020/02/19	1,848.00	2.5	1,848.00	1,777.00	1,777.00	213	390,032.00
826	2020/02/18	1,803.00	-2.01	1,875.00	1,803.00	1,875.00	210	382,910.00
827	2020/02/17	1,840.00	0	1,840.00	1,804.00	1,820.00	632	1,143,538.00
828	2020/02/16	1,840.00	-1.71	1,947.00	1,838.00	1,909.00	690	1,292,328.00
829	2020/02/13	1,872.00	4.82	1,894.00	1,801.00	1,821.00	980	1,800,568.00
830	2020/02/12	1,786.00	-1.22	1,829.00	1,785.00	1,829.00	910	1,631,610.00
831	2020/02/11	1,808.00	1.86	1,808.00	1,774.00	1,808.00	363	653,425.00
832	2020/02/10	1,775.00	1.95	1,775.00	1,775.00	1,775.00	10	17,750.00
833	2020/02/09	1,741.00	-1.3	1,750.00	1,741.00	1,750.00	1,100	1,915,800.00
834	2020/02/06	1,764.00	-2	1,775.00	1,764.00	1,775.00	483	852,990.00
835	2020/02/05	1,800.00	0.39	1,825.00	1,800.00	1,820.00	120	218,100.00
836	2020/02/04	1,775.00	0	1,795.00	1,775.00	1,790.00	1,140	2,130,910.00
837	2020/02/03	1,775.00	0	1,840.00	1,775.00	1,806.00	1,370	2,444,160.00
838	2020/02/02	1,775.00	-1.28	1,810.00	1,764.00	1,764.00	1,330	2,363,000.00
839	2020/01/30	1,798.00	0	1,830.00	1,729.00	1,830.00	1,630	2,856,650.00
840	2020/01/29	1,798.00	2.45	1,798.00	1,700.00	1,736.00	1,827	3,165,562.00
841	2020/01/28	1,755.00	-1.79	1,894.00	1,755.00	1,822.00	1,490	2,655,410.00
842	2020/01/27	1,787.00	-0.17	1,897.00	1,755.00	1,761.00	670	1,199,070.00
843	2020/01/26	1,790.00	-3.92	1,850.00	1,790.00	1,850.00	1,235	2,238,110.00
844	2020/01/23	1,863.00	-2	1,924.00	1,863.00	1,924.00	380	726,720.00
845	2020/01/22	1,901.00	-1.96	1,939.00	1,901.00	1,901.00	40	76,420.00
846	2020/01/21	1,937.00	3.58	2,057.00	1,902.00	1,907.00	840	2,055,278.00
847	2020/01/20	1,870.00	-9.22	2,060.00	1,870.00	2,021.00	3,141	6,920,319.00
848	2020/01/19	2,060.00	-3.83	2,244.00	2,050.00	2,184.00	3,870	8,444,760.00
849	2020/01/16	2,142.00	1.23	2,289.00	2,080.00	2,158.00	1,874	4,144,230.00
850	2020/01/15	2,116.00	9.98	2,116.00	1,961.00	1,962.00	4,600	9,579,328.00
851	2020/01/14	1,924.00	6.12	1,938.00	1,778.00	1,778.00	2,164	4,104,429.00
852	2020/01/13	1,813.00	-2	1,850.00	1,813.00	1,850.00	3,203	5,848,409.00
853	2020/01/12	1,850.00	1.7	1,855.00	1,748.00	1,785.00	1,325	2,352,140.00
854	2020/01/09	1,819.00	-1.83	1,856.00	1,819.00	1,853.00	190	346,910.00
855	2020/01/08	1,853.00	1.59	1,890.00	1,800.00	1,800.00	140	257,110.00
856	2020/01/07	1,824.00	-2.04	1,825.00	1,789.00	1,825.00	70	126,660.00
857	2020/01/06	1,862.00	-0.9	1,900.00	1,862.00	1,899.00	120	227,155.00
858	2020/01/05	1,879.00	-0.16	1,879.00	1,846.00	1,846.00	40	74,170.00
859	2020/01/02	1,882.00	-3.98	1,921.00	1,846.00	1,921.00	150	280,450.00
860	2020/01/01	1,960.00	7.46	2,000.00	1,860.00	1,860.00	1,950	3,757,258.00
861	2019/12/31	1,824.00	7.8	1,861.00	1,721.00	1,721.00	2,831	5,100,137.00
862	2019/12/30	1,692.00	-0.47	1,692.00	1,685.00	1,685.00	50	84,440.00
863	2019/12/29	1,700.00	1.19	1,725.00	1,680.00	1,680.00	70	118,970.00
864	2019/12/26	1,680.00	0.06	1,712.00	1,679.00	1,712.00	500	844,460.00
865	2019/12/25	1,679.00	-2.1	1,746.00	1,679.00	1,746.00	150	259,380.00
866	2019/12/23	1,715.00	7.86	1,749.00	1,600.00	1,600.00	526	894,015.00
867	2019/12/22	1,590.00	-1.67	1,590.00	1,585.00	1,585.00	115	182,375.00
868	2019/12/19	1,617.00	5.69	1,654.00	1,560.00	1,560.00	441	710,959.00
869	2019/12/18	1,530.00	9.99	1,530.00	1,418.00	1,418.00	256	384,494.00
870	2019/12/04	1,390.00	-0.71	1,390.00	1,390.00	1,390.00	150	208,500.00
871	2019/11/28	1,400.00	0.65	1,400.00	1,400.00	1,400.00	110	154,000.00
872	2019/11/26	1,391.00	-1.97	1,391.00	1,391.00	1,391.00	20	27,820.00
873	2019/11/24	1,419.00	0	1,447.00	1,419.00	1,447.00	91	130,529.00
874	2019/11/19	1,419.00	-2	1,420.00	1,392.00	1,420.00	160	225,790.00
875	2019/11/18	1,448.00	3.95	1,448.00	1,420.00	1,420.00	20	28,680.00
876	2019/11/17	1,393.00	1.98	1,393.00	1,393.00	1,393.00	10	13,930.00
877	2019/10/15	1,366.00	0	1,366.00	1,366.00	1,366.00	10	13,660.00
878	2019/10/14	1,366.00	-1.94	1,366.00	1,366.00	1,366.00	10	13,660.00
879	2019/09/26	1,393.00	-3.93	1,421.00	1,393.00	1,421.00	70	99,190.00
880	2019/09/25	1,450.00	-1.89	1,450.00	1,450.00	1,478.00	42	60,900.00
881	2019/09/24	1,478.00	3	1,478.00	1,450.00	1,450.00	20	29,280.00
882	2019/09/19	1,435.00	1.99	1,435.00	1,407.00	1,407.00	40	56,560.00
883	2019/09/18	1,407.00	0	1,407.00	1,407.00	1,407.00	20	28,140.00
884	2019/09/17	1,407.00	1.96	1,407.00	1,407.00	1,407.00	10	14,070.00
885	2019/09/11	1,380.00	-0.36	1,380.00	1,380.00	1,380.00	10	13,800.00
886	2019/09/10	1,385.00	-0.07	1,385.00	1,385.00	1,385.00	135	186,975.00
887	2019/09/09	1,386.00	-3.88	1,414.00	1,386.00	1,414.00	20	28,000.00
888	2019/08/29	1,442.00	-1.9	1,442.00	1,442.00	1,442.00	10	14,420.00
889	2019/08/25	1,470.00	-1.61	1,470.00	1,470.00	1,470.00	20	29,400.00
890	2019/08/22	1,494.00	-3.68	1,555.00	1,494.00	1,555.00	40	61,280.00
891	2019/08/21	1,551.00	5.73	1,551.00	1,496.00	1,496.00	118	179,754.00
892	2019/08/20	1,467.00	5.61	1,497.00	1,411.00	1,416.00	331	481,481.00
893	2019/08/15	1,389.00	6.03	1,389.00	1,336.00	1,336.00	88	119,866.00
894	2019/08/14	1,310.00	-1.58	1,310.00	1,310.00	1,310.00	40	52,400.00
895	2019/08/12	1,331.00	-5.27	1,377.00	1,331.00	1,377.00	120	160,870.00
896	2019/08/11	1,405.00	0.93	1,405.00	1,400.00	1,400.00	250	350,250.00
897	2019/08/08	1,392.00	-1.69	1,442.00	1,392.00	1,442.00	450	628,460.00
898	2019/08/07	1,416.00	-1.67	1,416.00	1,416.00	1,416.00	200	283,200.00
899	2019/08/06	1,440.00	-1.37	1,450.00	1,440.00	1,450.00	100	144,500.00
900	2019/08/01	1,460.00	0	1,460.00	1,450.00	1,450.00	80	116,500.00
901	2019/07/31	1,460.00	0.69	1,460.00	1,448.00	1,450.00	235	340,780.00
902	2019/07/30	1,450.00	-2.62	1,460.00	1,450.00	1,460.00	67	97,320.00
903	2019/07/28	1,489.00	-1.97	1,489.00	1,489.00	1,489.00	10	14,890.00
904	2019/07/25	1,519.00	-2	1,519.00	1,519.00	1,519.00	10	15,190.00
905	2019/07/07	1,550.00	-1.02	1,550.00	1,550.00	1,550.00	30	46,500.00
906	2019/07/02	1,566.00	-1.94	1,566.00	1,566.00	1,566.00	10	15,660.00
907	2019/06/26	1,597.00	1.91	1,597.00	1,597.00	1,597.00	20	31,940.00
908	2019/06/25	1,567.00	-1.94	1,567.00	1,567.00	1,567.00	10	15,670.00
909	2019/06/12	1,598.00	0.06	1,598.00	1,598.00	1,598.00	10	15,980.00
910	2019/06/11	1,597.00	6.04	1,597.00	1,536.00	1,536.00	30	46,990.00
911	2019/06/06	1,506.00	-3.89	1,571.00	1,506.00	1,567.00	5,014	7,852,304.00
912	2019/06/04	1,567.00	-1.88	1,567.00	1,567.00	1,567.00	10	15,670.00
913	2019/06/03	1,597.00	-1.9	1,597.00	1,597.00	1,597.00	10	15,970.00
914	2019/05/29	1,628.00	-1.99	1,628.00	1,628.00	1,628.00	10	16,280.00
915	2019/05/23	1,661.00	-0.06	1,661.00	1,629.00	1,629.00	41	67,781.00
916	2019/05/21	1,662.00	1.96	1,662.00	1,662.00	1,662.00	10	16,620.00
917	2019/05/19	1,630.00	-5.78	1,696.00	1,630.00	1,696.00	30	49,890.00
918	2019/05/15	1,730.00	7.79	1,765.00	1,620.00	1,620.00	325	561,170.00
919	2019/05/14	1,605.00	-0.12	1,605.00	1,544.00	1,575.00	100	156,550.00
920	2019/05/13	1,607.00	-3.89	1,639.00	1,607.00	1,639.00	40	64,600.00
921	2019/05/08	1,672.00	1.95	1,672.00	1,672.00	1,672.00	10	16,720.00
922	2019/04/30	1,640.00	-3.36	1,665.00	1,640.00	1,665.00	70	115,290.00
923	2019/04/29	1,697.00	3.98	1,697.00	1,632.00	1,664.00	40	66,330.00
924	2019/04/23	1,632.00	-1.98	1,698.00	1,632.00	1,698.00	50	82,590.00
925	2019/04/22	1,665.00	1.96	1,665.00	1,665.00	1,665.00	10	16,650.00
926	2019/03/21	1,633.00	-1.98	1,633.00	1,633.00	1,633.00	20	32,660.00
927	2019/03/19	1,666.00	-2	1,666.00	1,666.00	1,666.00	20	33,320.00
928	2019/03/12	1,700.00	3.85	1,700.00	1,637.00	1,650.00	60	99,880.00
929	2019/03/11	1,637.00	1.99	1,637.00	1,605.00	1,637.00	50	81,850.00
930	2019/03/07	1,605.00	0	1,605.00	1,605.00	1,605.00	8	12,840.00
931	2019/03/05	1,605.00	-1.95	1,637.00	1,605.00	1,605.00	20	32,100.00
932	2019/02/21	1,637.00	1.99	1,637.00	1,605.00	1,637.00	20	32,740.00
933	2019/02/18	1,605.00	-3.37	1,661.00	1,605.00	1,630.00	150	243,250.00
934	2019/02/17	1,661.00	-2.86	1,710.00	1,661.00	1,676.00	150	250,650.00
935	2019/02/13	1,710.00	-1.84	1,742.00	1,710.00	1,724.00	214	366,136.00
936	2019/02/12	1,742.00	1.99	1,742.00	1,708.00	1,742.00	210	365,820.00
937	2019/02/07	1,708.00	-0.41	1,715.00	1,708.00	1,708.00	220	375,760.00
938	2019/02/06	1,715.00	-0.12	1,717.00	1,715.00	1,715.00	100	171,500.00
939	2019/02/04	1,717.00	-3.21	1,774.00	1,717.00	1,739.00	30	51,950.00
940	2019/02/03	1,774.00	1.95	1,774.00	1,740.00	1,774.00	50	88,700.00
941	2019/01/31	1,740.00	-0.4	1,747.00	1,715.00	1,747.00	460	789,150.00
942	2019/01/30	1,747.00	-1.96	1,782.00	1,747.00	1,782.00	100	174,700.00
943	2019/01/23	1,782.00	1.95	1,782.00	1,715.00	1,748.00	1,311	2,266,107.00
944	2019/01/21	1,748.00	-1.96	1,783.00	1,748.00	1,783.00	10	17,480.00
945	2019/01/20	1,783.00	1.94	1,783.00	1,749.00	1,749.00	11	19,613.00
946	2019/01/17	1,749.00	-2.07	1,786.00	1,682.00	1,786.00	1,250	2,155,730.00
947	2019/01/16	1,786.00	1.25	1,859.00	1,764.00	1,764.00	313	570,111.00
948	2019/01/15	1,764.00	1.97	1,764.00	1,730.00	1,730.00	10	17,640.00
949	2019/01/10	1,730.00	1.76	1,730.00	1,700.00	1,700.00	50	86,500.00
950	2019/01/02	1,700.00	-0.99	1,717.00	1,700.00	1,717.00	17	28,900.00
951	2018/12/30	1,717.00	-2	1,752.00	1,717.00	1,752.00	10	17,170.00
952	2018/12/26	1,787.00	9.97	1,787.00	1,625.00	1,625.00	90	156,540.00
953	2018/12/24	1,625.00	-7.67	1,760.00	1,625.00	1,760.00	292	485,202.00
954	2018/12/20	1,760.00	-0.23	1,769.00	1,760.00	1,764.00	23	40,597.00
955	2018/12/17	1,764.00	-2	1,800.00	1,764.00	1,800.00	10	17,640.00
956	2018/12/09	1,800.00	1.47	1,800.00	1,774.00	1,774.00	30	53,950.00
957	2018/12/04	1,774.00	-0.34	1,780.00	1,774.00	1,780.00	270	478,980.00
958	2018/12/03	1,780.00	-0.78	1,794.00	1,780.00	1,794.00	365	649,700.00
959	2018/12/02	1,794.00	1.99	1,794.00	1,759.00	1,759.00	1,040	1,865,760.00
960	2018/11/29	1,759.00	-2.28	1,800.00	1,759.00	1,800.00	1,063	1,906,672.00
961	2018/11/28	1,800.00	0	1,800.00	1,800.00	1,800.00	1,053	1,895,400.00
962	2018/11/27	1,800.00	0	1,800.00	1,800.00	1,800.00	1,053	1,895,400.00
963	2018/11/18	1,800.00	0.56	1,800.00	1,790.00	1,790.00	20	36,000.00
964	2018/10/22	1,790.00	-1.1	1,790.00	1,790.00	1,790.00	25	44,750.00
965	2018/10/04	1,810.00	1.12	1,810.00	1,810.00	1,810.00	290	524,900.00
966	2018/10/03	1,790.00	2.87	1,835.00	1,774.00	1,774.00	1,350	2,420,790.00
967	2018/10/02	1,740.00	1.16	1,740.00	1,705.00	1,720.00	2,955	5,067,885.00
968	2018/10/01	1,720.00	0	1,720.00	1,720.00	1,720.00	15	25,800.00
969	2018/09/30	1,720.00	-0.75	1,720.00	1,720.00	1,720.00	10	17,200.00
970	2018/09/25	1,733.00	1.94	1,733.00	1,700.00	1,700.00	30	51,330.00
971	2018/09/23	1,700.00	2.41	1,710.00	1,628.00	1,628.00	1,462	2,401,318.00
972	2018/09/20	1,660.00	0	1,660.00	1,660.00	1,660.00	20	33,200.00
973	2018/09/18	1,660.00	0	1,660.00	1,660.00	1,660.00	100	166,000.00
974	2018/09/11	1,660.00	0.61	1,660.00	1,660.00	1,660.00	140	232,400.00
975	2018/09/09	1,650.00	-0.3	1,650.00	1,650.00	1,650.00	20	33,000.00
976	2018/09/06	1,655.00	0.42	1,655.00	1,648.00	1,648.00	143	235,815.00
977	2018/09/05	1,648.00	-1.96	1,681.00	1,648.00	1,681.00	90	148,980.00
978	2018/08/16	1,681.00	-2.55	1,715.00	1,681.00	1,715.00	50	84,390.00
979	2018/08/14	1,720.00	3.6	1,725.00	1,698.00	1,698.00	339	581,872.00
980	2018/07/24	1,665.00	0.3	1,665.00	1,665.00	1,665.00	90	149,850.00
981	2018/07/18	1,660.00	-1.95	1,660.00	1,660.00	1,660.00	47	78,020.00
982	2018/07/17	1,693.00	1.99	1,693.00	1,693.00	1,693.00	50	84,650.00
983	2018/07/16	1,660.00	-0.12	1,661.00	1,660.00	1,661.00	100	166,050.00
984	2018/07/15	1,662.00	0.12	1,667.00	1,662.00	1,667.00	27	44,959.00
985	2018/07/12	1,660.00	-0.6	1,660.00	1,660.00	1,660.00	500	830,000.00
986	2018/07/09	1,670.00	0.18	1,670.00	1,670.00	1,670.00	500	835,000.00
987	2018/07/08	1,667.00	-1.94	1,667.00	1,667.00	1,667.00	50	83,350.00
988	2018/07/05	1,700.00	0	1,700.00	1,700.00	1,700.00	100	170,000.00
989	2018/06/28	1,700.00	0	1,700.00	1,700.00	1,700.00	100	170,000.00
990	2018/06/21	1,710.00	-1.96	1,710.00	1,700.00	1,710.00	80	136,400.00
991	2018/06/13	1,734.00	0.23	1,734.00	1,700.00	1,700.00	260	445,560.00
992	2018/06/11	1,730.00	-1.98	1,730.00	1,730.00	1,730.00	20	34,600.00
993	2018/06/04	1,765.00	-1.89	1,765.00	1,765.00	1,765.00	50	88,250.00
994	2018/05/31	1,799.00	1.98	1,799.00	1,799.00	1,799.00	10	17,990.00
995	2018/05/30	1,764.00	-3.08	1,800.00	1,764.00	1,800.00	110	195,480.00
996	2018/05/28	1,820.00	1.68	1,820.00	1,820.00	1,790.00	30	54,600.00
997	2018/05/24	1,790.00	1.99	1,790.00	1,790.00	1,755.00	10	17,900.00
998	2018/05/17	1,756.00	-3.25	1,779.00	1,745.00	1,778.00	350	614,850.00
999	2018/05/16	1,814.00	3.95	1,814.00	1,779.00	1,779.00	47	84,908.00
1001	2018/05/15	1,745.00	3.87	1,745.00	1,712.00	1,712.00	40	69,470.00
1002	2018/05/14	1,685.00	-1.69	1,685.00	1,682.00	1,685.00	120	336,300.00
1003	2018/05/10	1,711.00	-3.88	1,745.00	1,711.00	1,780.00	50	86,910.00
1004	2018/04/29	1,780.00	0.51	1,780.00	1,780.00	1,780.00	10	17,800.00
1005	2018/04/25	1,771.00	-0.11	1,807.00	1,771.00	1,806.00	310	556,370.00
1006	2018/04/24	1,773.00	1.96	1,773.00	1,773.00	1,773.00	10	17,730.00
1007	2018/04/23	1,750.00	-3.92	1,774.00	1,739.00	1,774.00	130	227,370.00
1008	2018/04/19	1,809.00	-1.42	1,810.00	1,800.00	1,800.00	150	271,130.00
1009	2018/04/18	1,836.00	2.91	1,836.00	1,800.00	1,819.00	176	321,050.00
1010	2018/04/17	1,784.00	-3.57	1,820.00	1,742.00	1,850.00	797	1,429,860.00
1011	2018/04/09	1,850.00	0	1,850.00	1,850.00	1,850.00	10	18,500.00
1012	2018/04/08	1,850.00	5.11	1,850.00	1,794.00	1,795.00	150	272,180.00
1013	2018/04/05	1,760.00	0	1,795.00	1,760.00	1,795.00	100	177,750.00
1014	2018/04/03	1,760.00	1.85	1,760.00	1,725.00	1,725.00	165	286,695.00
1015	2018/03/29	1,728.00	-2.04	1,798.00	1,728.00	1,798.00	1,219	2,188,612.00
1016	2018/03/28	1,764.00	-2.97	1,800.00	1,764.00	1,800.00	60	107,640.00
1017	2018/03/27	1,818.00	-1.99	1,818.00	1,818.00	1,818.00	10	18,180.00
1018	2018/03/19	1,855.00	0.87	1,855.00	1,855.00	1,855.00	200	371,000.00
1019	2018/03/07	1,839.00	2	1,839.00	1,839.00	1,839.00	30	55,170.00
1020	2018/03/06	1,803.00	1.98	1,803.00	1,803.00	1,803.00	10	18,030.00
1021	2018/03/05	1,768.00	4.8	1,768.00	1,700.00	1,720.00	110	188,760.00
1022	2018/03/04	1,687.00	-9.98	1,874.00	1,687.00	1,874.00	120	212,080.00
1023	2018/02/28	1,874.00	-3.9	1,912.00	1,874.00	1,912.00	20	37,860.00
1024	2018/02/26	1,950.00	-1.27	1,950.00	1,950.00	1,950.00	20	39,000.00
1025	2018/02/20	1,975.00	-1.79	1,975.00	1,975.00	1,975.00	200	395,000.00
1026	2018/02/15	2,011.00	3.66	2,011.00	1,960.00	1,978.00	930	1,856,920.00
1027	2018/02/14	1,940.00	0.15	1,940.00	1,940.00	1,940.00	10	19,400.00
1028	2018/02/12	1,937.00	0	1,937.00	1,900.00	1,901.00	90	171,380.00
1029	2018/02/11	1,900.00	0	0.00	0.00	0.00	5	9,500.00
1030	2018/02/08	1,937.00	-0.05	1,976.00	1,937.00	1,976.00	20	39,130.00
1031	2018/02/07	1,938.00	2	1,938.00	1,938.00	1,938.00	10	19,380.00
1032	2018/02/06	1,900.00	-3.5	1,930.00	1,900.00	1,930.00	110	212,000.00
1033	2018/02/05	1,969.00	-0.05	1,969.00	1,931.00	1,935.00	70	135,590.00
1034	2018/02/04	1,970.00	-1.99	2,050.00	1,970.00	2,030.00	707	1,415,220.00
1035	2018/02/01	2,010.00	1	2,010.00	2,000.00	2,010.00	550	1,103,250.00
1036	2018/01/31	1,990.00	2.58	1,990.00	1,941.00	1,978.00	260	512,400.00
1037	2018/01/29	1,940.00	4.02	1,940.00	1,885.00	1,885.00	357	686,050.00
1038	2018/01/25	1,988.00	5.19	2,020.00	1,927.00	1,927.00	1,942	3,817,316.00
1039	2018/01/24	1,890.00	2.72	1,890.00	1,870.00	1,870.00	250	470,090.00
1040	2018/01/23	1,840.00	-0.32	1,840.00	1,790.00	1,811.00	745	1,354,520.00
1041	2018/01/22	1,839.00	7.01	1,846.00	1,739.00	1,759.00	3,640	6,539,560.00
1042	2018/01/21	1,725.00	1.41	1,760.00	1,725.00	1,735.00	310	541,660.00
1043	2018/01/16	1,701.00	-1.96	1,701.00	1,701.00	1,701.00	100	170,100.00
1044	2018/01/10	1,735.00	-0.57	1,735.00	1,720.00	1,720.00	140	242,300.00
1045	2018/01/09	1,745.00	0.87	1,745.00	1,730.00	1,730.00	240	417,050.00
1046	2018/01/08	1,730.00	0.87	1,730.00	1,728.00	1,730.00	1,200	2,075,050.00
1047	2018/01/07	1,720.00	0	1,748.00	1,702.00	1,702.00	526	905,612.00
1048	2018/01/04	1,716.00	-1.94	1,720.00	1,715.00	1,720.00	590	1,012,000.00
1049	2018/01/03	1,749.00	-0.91	1,749.00	1,696.00	1,730.00	3,834	6,517,582.00
1050	2018/01/02	1,765.00	0.06	1,765.00	1,731.00	1,735.00	70	121,890.00
1051	2018/01/01	1,764.00	1.97	1,764.00	1,764.00	1,764.00	10	17,640.00
1052	2017/12/31	1,730.00	-2.92	1,747.00	1,715.00	1,747.00	56	97,070.00
1053	2017/12/28	1,782.00	3.3	1,782.00	1,750.00	1,755.00	51	89,972.00
1054	2017/12/24	1,781.00	-1.76	1,781.00	1,780.00	1,780.00	130	231,450.00
1055	2017/12/21	1,813.00	-1.25	1,850.00	1,813.00	1,850.00	30	54,760.00
1056	2017/12/19	1,837.00	-0.6	1,873.00	1,836.00	1,873.00	90	166,350.00
1057	2017/12/18	1,847.00	4	1,847.00	1,811.00	1,811.00	330	609,110.00
1058	2017/12/17	1,776.00	-5.88	1,850.00	1,742.00	1,850.00	815	1,431,880.00
1059	2017/12/13	1,850.00	1.59	1,850.00	1,850.00	1,850.00	33	61,050.00
1060	2017/12/12	1,825.00	-2.1	1,840.00	1,821.00	1,840.00	460	840,970.00
1061	2017/12/11	1,860.00	-1.43	1,860.00	1,860.00	1,860.00	60	111,600.00
1062	2017/12/10	1,887.00	0	1,890.00	1,887.00	1,887.00	138	260,556.00
1063	2017/12/06	1,887.00	-1.51	1,920.00	1,887.00	1,920.00	522	992,670.00
1064	2017/12/05	1,916.00	0.05	1,916.00	1,886.00	1,890.00	385	734,400.00
1065	2017/12/04	1,915.00	-0.88	1,915.00	1,896.00	1,896.00	150	284,710.00
1066	2017/11/29	1,932.00	1.79	2,000.00	1,932.00	1,935.00	400	781,600.00
1067	2017/11/28	1,910.00	0	1,935.00	1,898.00	1,900.00	330	632,510.00
1068	2017/11/27	1,900.00	-1.91	1,960.00	1,898.00	1,960.00	870	1,661,080.00
1069	2017/11/26	1,935.00	-4.68	2,000.00	1,922.00	2,030.00	669	1,296,167.00
1070	2017/11/23	2,030.00	-1.93	2,070.00	2,029.00	2,070.00	220	446,810.00
1071	2017/11/22	2,070.00	0	2,090.00	1,961.00	2,090.00	801	1,601,161.00
1072	2017/11/21	2,070.00	9.81	2,073.00	1,855.00	1,860.00	1,341	2,557,510.00
1073	2017/11/20	1,885.00	-6.77	1,985.00	1,885.00	1,985.00	2,140	4,079,951.00
1074	2017/11/16	2,023.00	-0.93	2,042.00	2,001.00	2,040.00	210	427,000.00
1075	2017/11/15	2,062.00	-1.87	2,121.00	2,041.00	2,121.00	190	394,470.00
1076	2017/11/14	2,080.00	0.48	2,080.00	2,029.00	2,029.00	70	143,270.00
1077	2017/11/12	2,070.00	-1.76	2,070.00	2,065.00	2,107.00	60	123,950.00
1078	2017/11/09	2,107.00	-1.03	2,107.00	2,060.00	2,087.00	120	248,790.00
1079	2017/11/08	2,130.00	-1.98	2,135.00	2,129.00	2,135.00	100	213,110.00
1080	2017/11/07	2,172.00	0.32	2,208.00	2,172.00	2,208.00	66	144,313.00
1081	2017/11/06	2,165.00	-2.04	2,209.00	2,165.00	2,210.00	60	130,810.00
1082	2017/11/05	2,210.00	1.47	2,220.00	2,205.00	2,220.00	100	221,200.00
1083	2017/11/02	2,160.00	3.71	2,178.00	2,120.00	2,120.00	616	1,322,250.00
1084	2017/10/31	2,101.00	0	2,140.00	2,100.00	2,140.00	150	317,450.00
1085	2017/10/30	2,100.00	-3.23	2,127.00	2,100.00	2,127.00	60	126,270.00
1086	2017/10/29	2,170.00	-1.36	2,170.00	2,117.00	2,161.00	105	225,625.00
1087	2017/10/25	2,180.00	6.74	2,223.00	2,099.00	2,100.00	783	1,706,898.00
1088	2017/10/24	2,061.00	-1.86	2,140.00	2,058.00	2,100.00	267	559,126.00
1089	2017/10/23	2,100.00	-4.46	2,155.00	2,100.00	2,198.00	70	147,770.00
1090	2017/10/22	2,198.00	-0.09	2,198.00	2,113.00	2,156.00	40	86,220.00
1091	2017/10/18	2,200.00	3.53	2,200.00	2,002.00	2,083.00	710	1,462,560.00
1092	2017/10/16	2,094.00	-2.33	2,102.00	2,040.00	2,102.00	447	929,731.00
1093	2017/10/15	2,111.00	1.95	2,145.00	2,111.00	2,145.00	380	808,110.00
1094	2017/10/12	2,103.00	0.14	2,172.00	2,103.00	2,140.00	120	256,140.00
1095	2017/10/11	2,101.00	1.2	2,150.00	2,100.00	2,115.00	270	570,160.00
1096	2017/10/10	2,075.00	-1.89	2,075.00	2,034.00	2,075.00	550	1,137,620.00
1101	2017/10/09	2,115.00	-1.67	2,194.00	2,000.00	2,194.00	264	545,336.00
1102	2017/10/08	2,151.00	-4.99	2,219.00	2,038.00	2,219.00	916	1,883,702.00
1103	2017/10/04	2,264.00	-1.99	2,265.00	2,264.00	2,265.00	130	294,370.00
1104	2017/10/03	2,310.00	1.99	2,310.00	2,220.00	2,220.00	70	159,250.00
1105	2017/09/26	2,265.00	-9.8	2,461.00	2,260.00	2,461.00	1,903	4,325,525.00
1106	2017/09/25	2,511.00	-10	2,785.00	2,511.00	2,785.00	696	1,825,824.00
1107	2017/09/24	2,790.00	-6.09	3,030.00	2,790.00	3,030.00	763	2,208,157.00
1108	2017/09/20	2,971.00	10	2,971.00	2,720.00	2,755.00	6,050	17,227,426.00
1109	2017/09/18	2,701.00	9.98	2,701.00	2,505.00	2,505.00	1,260	3,398,460.00
1110	2017/09/17	2,456.00	9.99	2,456.00	2,277.00	2,277.00	50	118,380.00
1111	2017/09/14	2,233.00	10	2,233.00	2,000.00	2,000.00	4,494	9,029,160.00
1112	2016/01/14	2,030.00	1.5	2,040.00	2,030.00	2,040.00	20	40,700.00
1113	2016/01/07	2,000.00	-6.15	2,089.00	2,000.00	2,089.00	3,707	7,421,410.00
1114	2016/01/06	2,131.00	-0.84	2,149.00	2,131.00	2,149.00	36	77,040.00
1115	2016/01/05	2,149.00	-0.05	2,149.00	2,149.00	2,149.00	88	189,112.00
1116	2016/01/03	2,150.00	1.99	2,150.00	2,150.00	2,150.00	24	51,600.00
1117	2015/12/15	2,108.00	0	2,108.00	2,108.00	2,108.00	342	720,936.00
1118	2015/08/17	2,108.00	-3.48	2,150.00	2,108.00	2,150.00	50	106,240.00
1119	2015/08/02	2,184.00	3.7	2,184.00	2,100.00	2,106.00	147	311,388.00
1120	2015/07/30	2,106.00	1.98	2,106.00	2,106.00	2,065.00	10	21,060.00
1121	2015/07/15	2,107.00	-1.95	2,107.00	2,107.00	2,107.00	10	21,070.00
1122	2015/07/12	2,149.00	-1.96	2,149.00	2,149.00	2,149.00	27	58,023.00
1123	2015/07/08	2,192.00	0	2,192.00	2,192.00	2,192.00	30	65,760.00
1124	2015/07/05	2,192.00	-1.92	2,192.00	2,192.00	2,192.00	10	21,920.00
1125	2015/06/30	2,235.00	-1.97	2,235.00	2,235.00	2,235.00	10	22,350.00
1126	2015/06/17	2,280.00	0.88	2,280.00	2,280.00	2,260.00	46	104,880.00
1127	2015/06/16	2,260.00	-0.88	2,260.00	2,260.00	2,280.00	100	226,000.00
1128	2015/06/11	2,280.00	-1	2,280.00	2,280.00	2,303.00	248	565,440.00
1129	2015/06/10	2,303.00	-2	2,303.00	2,303.00	2,350.00	100	230,300.00
1130	2015/06/07	2,350.00	-1.67	2,350.00	2,350.00	2,390.00	100	235,000.00
1131	2015/06/07	2,390.00	6.84	2,390.00	2,281.00	2,237.00	421	235,000.00
1132	2015/06/02	2,237.00	4.97	2,237.00	2,237.00	2,237.00	10	22,370.00
1133	2015/04/12	2,131.00	3.95	2,131.00	2,090.00	2,050.00	56	117,450.00
1134	2015/04/09	2,050.00	-2.19	2,055.00	2,050.00	2,096.00	48	98,450.00
1135	2015/04/08	2,096.00	2	2,096.00	2,096.00	2,055.00	100	209,600.00
1136	2015/04/07	2,055.00	0.29	2,055.00	2,055.00	2,049.00	500	1,027,500.00
1137	2015/04/06	2,049.00	1.99	2,049.00	2,049.00	2,009.00	10	20,490.00
1138	2015/04/06	2,009.00	1.98	2,009.00	2,009.00	1,970.00	10	20,490.00
1139	2015/04/02	1,970.00	-1.99	1,970.00	1,970.00	2,010.00	100	197,000.00
1140	2015/03/30	2,010.00	0.05	2,010.00	2,010.00	2,009.00	760	1,527,600.00
1141	2015/03/19	2,009.00	0	2,009.00	2,009.00	2,009.00	96	192,864.00
1142	2015/03/02	2,009.00	1.98	2,009.00	2,009.00	1,970.00	300	602,700.00
1143	2015/02/24	1,970.00	0	1,970.00	1,970.00	1,970.00	121	238,370.00
1144	2015/02/18	1,970.00	0.51	1,970.00	1,970.00	1,960.00	100	197,000.00
1145	2015/02/16	1,960.00	4.53	1,960.00	1,912.00	1,875.00	915	1,786,600.00
1146	2015/01/13	1,875.00	-1.26	1,875.00	1,875.00	1,899.00	121	226,875.00
1147	2015/01/05	1,899.00	0.48	1,899.00	1,899.00	1,890.00	10	18,990.00
1148	2015/01/01	1,890.00	1.5	1,890.00	1,890.00	1,862.00	50	94,500.00
1149	2014/12/15	1,862.00	-2	1,862.00	1,862.00	1,900.00	20	37,240.00
1150	2014/12/07	1,900.00	0	1,900.00	1,900.00	1,900.00	95	180,500.00
1151	2014/11/20	1,900.00	-1.55	1,900.00	1,900.00	1,930.00	85	161,500.00
1152	2014/10/13	1,930.00	0	1,930.00	1,930.00	1,930.00	100	193,000.00
1153	2014/09/11	1,930.00	-0.97	1,930.00	1,930.00	1,949.00	50	223,880.00
