#	Date	LTP	% Change	High	Low	Open	Qty.	Turnover
1	2024/03/12	5,286.00	1.65	5,295.00	5,200.00	5,205.00	1,850	9,714,720.00
2	2024/03/10	5,200.00	0.97	5,300.00	5,093.00	5,169.00	1,175	6,114,355.00
3	2024/03/07	5,150.00	-0.43	5,275.00	5,101.00	5,275.00	1,628	8,366,747.40
4	2024/03/06	5,172.00	1.21	5,250.00	5,025.00	5,025.00	1,577	8,157,597.60
5	2024/03/05	5,110.00	-1.73	5,355.00	5,105.00	5,200.00	3,624	18,916,376.80
6	2024/03/04	5,200.00	3.89	5,207.30	5,105.20	5,105.20	60	311,125.00
7	2024/03/03	5,005.10	-2.34	5,078.00	4,993.00	5,051.00	2,049	10,293,069.80
8	2024/02/29	5,125.00	-3.3	5,390.00	5,125.00	5,350.00	3,973	20,976,159.00
9	2024/02/28	5,300.00	4.95	5,349.90	4,973.00	5,119.00	6,798	35,534,865.30
10	2024/02/27	5,050.00	1	5,050.00	4,950.00	5,000.00	1,795	8,962,986.60
11	2024/02/26	5,000.00	1.63	5,013.00	4,880.00	4,900.00	2,707	13,426,250.20
12	2024/02/25	4,920.00	-1.2	5,040.00	4,920.00	5,000.00	2,399	11,912,316.30
13	2024/02/22	4,980.00	-0.99	5,128.00	4,978.50	5,128.00	2,015	10,136,159.00
14	2024/02/21	5,030.00	-0.55	5,149.00	5,000.00	5,149.00	732	3,672,177.30
15	2024/02/20	5,058.00	-0.26	5,058.00	4,985.00	5,026.00	3,546	17,795,013.70
16	2024/02/18	5,071.00	-1.44	5,145.00	5,070.00	5,145.00	879	4,482,026.00
17	2024/02/15	5,145.00	-0.77	5,200.00	5,126.00	5,200.00	1,794	9,221,855.80
18	2024/02/14	5,185.00	-0.46	5,224.00	5,155.00	5,200.00	1,467	7,618,102.00
19	2024/02/13	5,209.00	-0.59	5,230.00	5,190.00	5,230.00	719	3,743,607.90
20	2024/02/12	5,240.00	0.54	5,309.00	5,135.00	5,309.00	438	2,285,235.10
21	2024/02/11	5,212.00	-1.66	5,406.00	5,200.00	5,406.00	1,337	7,022,012.00
22	2024/02/08	5,300.00	1.12	5,300.00	5,220.00	5,225.30	2,703	14,208,249.50
23	2024/02/07	5,241.50	-0.16	5,331.00	5,211.10	5,211.10	1,683	8,904,719.50
24	2024/02/06	5,250.00	-0.66	5,335.00	5,221.00	5,290.00	308	1,620,565.00
25	2024/02/05	5,285.00	0.86	5,344.00	5,230.00	5,343.80	1,070	5,631,798.50
26	2024/02/04	5,240.00	0.19	5,350.00	5,182.10	5,334.60	2,006	10,470,156.20
27	2024/02/01	5,230.00	-0.02	5,250.00	5,190.00	5,250.00	773	4,030,598.00
28	2024/01/31	5,231.00	-1.95	5,441.70	5,228.00	5,441.70	787	4,160,488.40
29	2024/01/30	5,335.00	1.04	5,378.00	5,270.00	5,300.00	801	4,258,210.00
30	2024/01/29	5,280.00	0.49	5,300.00	5,221.10	5,280.00	1,221	6,421,028.00
31	2024/01/28	5,254.00	0.15	5,265.00	5,211.00	5,252.00	540	2,827,164.50
32	2024/01/25	5,246.00	0.67	5,280.50	5,200.10	5,211.00	1,089	5,715,585.00
33	2024/01/24	5,211.00	-1.31	5,350.00	5,211.00	5,350.00	1,215	6,408,721.00
34	2024/01/23	5,280.00	-0.75	5,300.00	5,214.00	5,300.00	732	3,829,247.00
35	2024/01/22	5,320.00	0.38	5,359.00	5,250.00	5,359.00	1,495	7,885,586.00
36	2024/01/21	5,300.00	-0.92	5,405.00	5,300.00	5,349.00	2,333	12,428,932.80
37	2024/01/18	5,349.00	-0.94	5,418.00	5,300.00	5,303.00	1,571	8,413,004.00
38	2024/01/17	5,400.00	-1.78	5,555.00	5,365.00	5,555.00	4,191	22,883,971.50
39	2024/01/16	5,498.00	2.48	5,600.00	5,380.00	5,400.00	4,076	22,304,838.20
40	2024/01/14	5,365.00	-1.22	5,449.00	5,363.00	5,435.00	2,632	14,219,454.00
41	2024/01/11	5,431.00	0.57	5,600.00	5,402.00	5,508.00	3,804	20,833,279.00
42	2024/01/10	5,400.00	0	5,450.00	5,333.00	5,450.00	1,232	6,643,165.50
43	2024/01/09	5,400.00	1.09	5,473.00	5,342.00	5,342.00	5,828	31,469,028.90
44	2024/01/08	5,342.00	0.77	5,407.00	5,310.00	5,310.00	1,905	10,213,046.00
45	2024/01/07	5,301.00	-2.18	5,515.00	5,300.00	5,515.00	2,574	13,771,422.00
46	2024/01/04	5,419.00	2.44	5,419.00	5,286.00	5,349.00	7,115	37,838,474.60
47	2024/01/03	5,290.00	0.19	5,348.00	5,230.10	5,293.00	5,059	26,602,203.70
48	2024/01/02	5,280.00	-0.98	5,398.00	5,228.00	5,398.00	4,222	22,349,081.00
49	2024/01/01	5,332.00	0.57	5,450.00	5,310.00	5,350.00	2,647	14,185,079.50
50	2023/12/28	5,302.00	-1.81	5,400.00	5,300.00	5,400.00	3,755	20,071,354.00
51	2023/12/27	5,400.00	-2	5,620.00	5,350.00	5,510.00	5,141	27,958,333.30
52	2023/12/24	5,510.00	-3.33	5,814.00	5,506.00	5,814.00	7,221	40,554,410.40
53	2023/12/21	5,700.00	0.37	5,900.00	5,635.00	5,792.50	6,921	39,354,523.70
54	2023/12/20	5,679.00	6.45	5,868.00	5,412.60	5,441.70	9,339	52,565,786.00
55	2023/12/19	5,335.00	1.04	5,360.00	5,272.00	5,281.00	3,749	19,900,473.20
56	2023/12/18	5,280.00	0.57	5,356.00	5,250.00	5,250.00	4,487	23,770,320.50
57	2023/12/17	5,250.00	0	5,300.00	5,229.00	5,288.00	3,319	17,481,619.00
58	2023/12/14	5,250.00	-1.13	5,335.00	5,230.00	5,300.00	1,114	5,849,035.00
59	2023/12/13	5,310.00	0.19	5,406.00	5,250.00	5,406.00	5,313	28,136,206.40
60	2023/12/12	5,300.00	1.69	5,340.00	5,111.00	5,111.00	3,473	18,258,673.00
61	2023/12/11	5,212.00	-1.66	5,340.00	5,170.00	5,300.00	2,907	15,243,957.80
62	2023/12/10	5,300.00	6.62	5,300.00	5,070.00	5,070.00	117	610,181.80
63	2023/12/07	4,971.00	-0.58	5,150.00	4,951.00	4,951.00	1,341	6,727,609.00
64	2023/12/06	4,999.90	0	5,000.00	4,960.00	4,960.00	782	3,891,158.00
65	2023/12/05	5,000.00	0	5,050.00	4,976.00	5,050.00	514	2,567,316.00
66	2023/12/04	5,000.00	-0.34	5,095.00	4,999.00	5,092.00	2,651	13,291,567.90
67	2023/12/03	5,017.00	-0.52	5,097.00	5,000.00	5,097.00	332	1,666,155.00
68	2023/11/30	5,043.00	-0.4	5,063.00	4,983.00	5,063.00	1,469	7,354,842.90
69	2023/11/29	5,063.00	-0.94	5,150.00	5,063.00	5,150.00	1,162	5,906,010.00
70	2023/11/28	5,111.00	-0.76	5,150.00	5,075.00	5,100.00	521	2,659,535.00
71	2023/11/27	5,150.00	-0.37	5,240.00	5,100.00	5,200.00	2,415	12,485,899.00
72	2023/11/26	5,169.00	3.28	5,179.00	5,080.00	5,085.00	2,421	12,434,570.00
73	2023/11/23	5,005.00	1.42	5,050.00	4,933.00	4,933.00	1,621	8,107,311.90
74	2023/11/22	4,935.00	0.96	4,940.00	4,821.00	4,851.00	1,915	9,352,971.00
75	2023/11/21	4,888.00	-1.05	4,930.00	4,850.00	4,890.00	1,175	5,727,120.00
76	2023/11/20	4,940.00	1.86	5,018.00	4,855.00	4,862.00	960	4,710,545.60
77	2023/11/09	4,850.00	0.1	4,935.00	4,850.00	4,900.00	3,791	18,520,378.00
78	2023/11/08	4,845.00	-0.21	4,875.00	4,808.00	4,856.00	955	4,627,801.00
79	2023/11/07	4,855.00	0.83	4,922.00	4,800.00	4,904.00	1,153	5,585,234.00
80	2023/11/06	4,815.00	2.77	4,964.00	4,712.00	4,730.00	1,228	5,855,280.00
81	2023/11/05	4,685.00	-2.4	4,800.00	4,675.00	4,800.00	1,983	9,333,788.00
82	2023/11/02	4,800.00	-3.42	4,920.00	4,795.00	4,876.00	4,281	20,799,356.80
83	2023/11/01	4,970.00	-0.6	5,050.00	4,970.00	5,048.00	807	4,033,177.00
84	2023/10/31	5,000.00	-0.2	5,000.00	4,913.00	5,000.00	2,579	12,732,217.00
85	2023/10/30	5,010.00	0.8	5,059.00	4,861.00	4,871.00	1,000	4,963,007.00
86	2023/10/29	4,970.00	-2.55	5,020.00	4,880.50	5,000.00	1,769	8,743,569.00
87	2023/10/19	5,100.00	-0.01	5,151.00	5,009.00	5,020.00	1,752	8,865,146.00
88	2023/10/18	5,100.50	1.54	5,125.00	5,027.00	5,109.00	1,140	5,805,155.00
89	2023/10/17	5,023.00	-1.24	5,150.00	5,000.00	5,086.00	3,722	18,747,174.50
90	2023/10/16	5,086.00	-1.93	5,200.00	5,086.00	5,200.00	2,021	10,326,694.70
91	2023/10/12	5,186.00	-0.27	5,188.00	5,130.00	5,131.00	1,078	5,550,141.40
92	2023/10/11	5,200.00	-0.12	5,299.00	5,120.00	5,299.00	602	3,128,720.00
93	2023/10/10	5,206.00	-1.2	5,300.00	5,178.00	5,300.00	2,243	11,659,594.00
94	2023/10/09	5,269.00	0.55	5,293.80	5,149.00	5,200.10	3,215	16,756,067.00
95	2023/10/08	5,240.00	-2.15	5,360.00	5,225.50	5,360.00	4,134	21,744,098.30
96	2023/10/05	5,355.00	-0.19	5,400.00	5,340.00	5,400.00	1,356	7,263,711.10
97	2023/10/04	5,365.00	0.83	5,395.00	5,330.00	5,340.00	2,536	13,571,438.80
98	2023/10/03	5,321.00	-1.48	5,400.00	5,311.00	5,400.00	3,043	16,287,691.00
99	2023/10/02	5,401.00	0.22	5,450.00	5,305.00	5,385.00	2,260	12,196,437.00
100	2023/10/01	5,389.00	-1.7	5,407.10	5,350.00	5,405.00	3,483	18,703,117.60
101	2023/09/27	5,482.00	-0.34	5,532.00	5,422.00	5,422.00	2,215	12,062,900.00
102	2023/09/26	5,500.60	0.3	5,550.00	5,401.00	5,500.00	3,111	17,096,523.20
103	2023/09/25	5,484.00	-0.29	5,565.00	5,390.00	5,390.00	4,144	22,802,147.00
104	2023/09/24	5,500.00	-2.22	5,630.00	5,497.80	5,615.00	3,122	17,300,240.90
105	2023/09/21	5,625.00	0.16	5,690.00	5,625.00	5,650.00	4,848	27,402,406.40
106	2023/09/19	5,616.00	-0.43	5,660.00	5,602.00	5,640.10	3,755	21,114,016.00
107	2023/09/18	5,640.00	1.08	5,650.00	5,570.00	5,600.00	7,128	39,940,585.00
108	2023/09/17	5,580.00	-3.26	5,710.00	5,560.00	5,710.00	5,057	28,489,821.20
109	2023/09/13	5,768.00	1.82	5,778.00	5,690.00	5,690.00	4,074	23,427,933.20
110	2023/09/12	5,665.00	-0.61	5,811.00	5,627.00	5,700.00	4,579	26,141,356.20
111	2023/09/11	5,700.00	3.64	5,757.50	5,420.00	5,451.00	11,145	62,552,448.40
112	2023/09/10	5,500.00	1.68	5,500.00	5,407.20	5,440.00	3,946	21,497,177.70
113	2023/09/07	5,409.00	-0.28	5,433.00	5,385.00	5,430.00	3,929	21,235,191.30
114	2023/09/05	5,424.00	0.86	5,425.00	5,345.00	5,353.00	5,494	29,585,465.00
115	2023/09/04	5,378.00	1.2	5,389.00	5,220.00	5,220.00	1,897	10,155,331.60
116	2023/09/03	5,314.10	-1.17	5,376.90	5,302.10	5,376.90	2,315	12,341,617.90
117	2023/08/30	5,376.90	1.45	5,399.00	5,300.00	5,310.00	1,477	7,910,608.00
118	2023/08/29	5,300.10	0	5,325.00	5,277.40	5,300.00	752	3,987,462.30
119	2023/08/28	5,300.00	0.76	5,330.00	5,270.00	5,300.00	1,530	8,105,705.00
120	2023/08/27	5,260.00	-0.81	5,300.00	5,220.00	5,221.00	2,506	13,142,322.00
121	2023/08/24	5,303.00	-1.52	5,438.00	5,302.00	5,385.00	4,036	21,677,888.50
122	2023/08/23	5,385.00	2.04	5,410.00	5,306.00	5,306.00	3,264	17,466,942.00
123	2023/08/22	5,277.10	0.23	5,335.00	5,230.00	5,335.00	2,369	12,483,073.40
124	2023/08/21	5,265.10	-1.03	5,300.00	5,250.00	5,280.00	1,176	6,200,759.40
125	2023/08/20	5,320.00	-0.54	5,349.00	5,245.00	5,330.00	1,937	10,230,062.00
126	2023/08/17	5,349.00	2.25	5,380.00	5,172.00	5,172.00	2,813	14,870,865.00
127	2023/08/16	5,231.50	-0.99	5,282.90	5,187.00	5,187.00	3,340	17,527,938.20
128	2023/08/15	5,284.00	-0.3	5,397.90	5,226.00	5,310.00	3,457	18,355,971.40
129	2023/08/14	5,300.00	-1.3	5,430.00	5,300.00	5,360.00	5,279	28,324,088.70
130	2023/08/13	5,370.00	0.13	5,404.00	5,320.00	5,400.00	4,925	26,419,649.80
131	2023/08/10	5,363.00	0.73	5,496.00	5,224.00	5,233.00	11,532	62,255,374.20
132	2023/08/09	5,324.00	4	5,324.00	5,052.00	5,052.00	5,894	30,252,382.60
133	2023/08/08	5,119.00	-2.85	5,230.00	5,100.30	5,178.10	4,460	23,118,934.20
134	2023/08/07	5,269.00	0.96	5,323.30	5,144.00	5,318.00	2,513	13,210,733.20
135	2023/08/06	5,219.00	-2.27	5,430.00	5,160.00	5,389.00	3,269	17,094,812.00
136	2023/08/03	5,340.00	2.2	5,340.00	5,121.00	5,225.00	5,060	26,694,553.80
137	2023/08/02	5,225.00	-0.17	5,250.00	5,145.00	5,230.00	2,722	14,125,914.00
138	2023/08/01	5,234.00	-1.62	5,420.00	5,220.00	5,350.00	3,213	16,966,896.90
139	2023/07/31	5,320.00	1.86	5,400.00	5,210.00	5,210.00	4,024	21,299,847.00
140	2023/07/30	5,223.00	-1.86	5,395.00	5,196.00	5,330.00	3,704	19,451,936.90
141	2023/07/27	5,322.00	-2.72	5,570.00	5,300.00	5,570.00	2,532	13,610,236.50
142	2023/07/26	5,471.00	-1.26	5,651.80	5,460.00	5,651.80	1,727	9,488,672.80
143	2023/07/25	5,541.00	0.33	5,675.00	5,454.00	5,470.00	3,693	20,396,236.80
144	2023/07/24	5,523.00	-2.59	5,649.00	5,490.00	5,580.00	8,754	48,561,880.00
145	2023/07/23	5,670.00	3.47	5,674.00	5,479.00	5,480.00	11,037	61,899,939.00
146	2023/07/20	5,480.00	5.9	5,532.00	5,150.00	5,200.00	11,804	63,047,390.00
147	2023/07/19	5,174.90	4.54	5,248.00	4,901.00	5,049.00	10,067	51,294,408.40
148	2023/07/18	4,950.00	-0.5	5,050.00	4,950.00	5,045.00	2,264	11,328,052.60
149	2023/07/17	4,975.00	1.55	5,005.00	4,900.00	4,990.00	1,286	6,418,262.00
150	2023/07/16	4,899.00	-0.26	4,990.00	4,830.00	4,910.00	3,939	19,295,180.20
151	2023/07/13	4,912.00	-1.66	5,001.00	4,903.00	4,903.00	950	4,719,269.00
152	2023/07/12	4,995.00	0.16	5,000.00	4,903.00	4,981.00	2,105	10,421,009.20
153	2023/07/11	4,987.00	-0.58	5,000.00	4,950.30	4,951.00	412	2,046,404.60
154	2023/07/10	5,016.00	0.06	5,113.00	4,971.00	5,112.00	3,696	18,520,768.00
155	2023/07/09	5,013.00	4.39	5,025.00	4,802.00	4,802.00	3,383	16,775,682.00
156	2023/07/06	4,802.00	0.04	4,840.00	4,720.00	4,725.00	1,253	5,997,987.00
157	2023/07/05	4,800.00	-1.23	4,842.00	4,760.00	4,841.00	2,993	14,338,973.10
158	2023/07/04	4,860.00	0.75	4,899.00	4,774.00	4,850.00	1,118	5,370,548.10
159	2023/07/03	4,824.00	0.6	4,825.00	4,725.00	4,725.00	3,003	14,371,052.70
160	2023/07/02	4,795.00	-2.14	4,950.00	4,760.00	4,949.00	5,921	28,629,227.90
161	2023/06/28	4,900.00	-2.58	5,051.00	4,851.00	4,952.00	4,937	24,356,073.50
162	2023/06/27	5,030.00	-0.96	5,180.00	5,020.00	5,122.00	2,574	13,018,734.00
163	2023/06/26	5,079.00	-0.22	5,250.00	5,047.00	5,189.00	5,611	28,782,305.10
164	2023/06/25	5,090.00	5.38	5,180.00	4,830.00	4,880.00	7,783	38,815,219.20
165	2023/06/22	4,830.00	-0.39	4,899.00	4,793.00	4,850.00	3,148	15,207,000.00
166	2023/06/21	4,849.00	0.39	4,901.00	4,735.00	4,831.00	4,762	23,042,570.00
167	2023/06/20	4,830.00	-0.06	5,000.00	4,800.00	4,927.00	5,069	24,762,194.50
168	2023/06/19	4,833.00	-0.76	4,890.00	4,803.00	4,850.00	2,840	13,802,246.10
169	2023/06/18	4,870.20	4.06	4,914.00	4,680.00	4,680.00	6,910	33,521,739.50
170	2023/06/15	4,680.00	-1.78	4,750.00	4,650.00	4,707.00	2,828	13,245,982.40
171	2023/06/14	4,765.00	-0.71	4,840.00	4,700.00	4,799.00	7,482	35,536,735.00
172	2023/06/13	4,799.00	2	4,869.00	4,611.00	4,620.00	4,836	23,168,679.00
173	2023/06/12	4,705.00	0.21	4,788.00	4,621.00	4,788.00	7,623	35,606,600.60
174	2023/06/11	4,695.00	4.22	4,760.00	4,510.00	4,595.00	14,420	67,264,854.00
175	2023/06/08	4,505.00	5.78	4,550.00	4,200.00	4,200.00	10,358	46,003,631.30
176	2023/06/07	4,259.00	5.42	4,275.00	4,099.00	4,099.00	6,416	27,074,274.60
177	2023/06/06	4,040.00	1.51	4,055.00	3,990.00	3,995.00	2,462	9,900,925.00
178	2023/06/05	3,980.00	-1.63	4,118.00	3,980.00	4,087.00	2,572	10,422,585.40
179	2023/06/04	4,046.00	3.77	4,098.00	3,945.00	3,976.00	3,422	13,742,067.20
180	2023/06/01	3,899.00	0.49	3,924.00	3,850.00	3,880.00	852	3,315,644.50
181	2023/05/31	3,880.00	-1.62	3,956.00	3,812.00	3,870.00	2,195	8,544,134.80
182	2023/05/30	3,944.00	-3.02	4,050.00	3,910.00	3,986.00	3,181	12,599,610.00
183	2023/05/28	4,067.00	0.07	4,165.00	4,002.00	4,065.00	6,798	27,799,398.40
184	2023/05/24	4,064.00	1.63	4,065.00	3,955.00	4,000.00	4,094	16,413,070.80
185	2023/05/23	3,999.00	3.9	4,020.00	3,849.00	3,849.00	3,346	13,278,434.60
186	2023/05/22	3,849.00	-0.54	3,860.00	3,794.00	3,850.00	1,305	4,979,832.50
187	2023/05/21	3,870.00	1.98	3,942.00	3,830.00	3,859.00	1,537	5,979,605.20
188	2023/05/18	3,795.00	3.97	3,797.00	3,655.00	3,655.00	1,503	5,624,173.90
189	2023/05/17	3,650.00	0.81	3,670.00	3,620.00	3,650.00	644	2,351,641.00
190	2023/05/16	3,620.50	-0.07	3,650.00	3,600.00	3,650.00	755	2,735,242.00
191	2023/05/15	3,623.00	-0.3	3,630.00	3,590.00	3,610.00	383	1,383,696.00
192	2023/05/14	3,634.00	-0.63	3,650.00	3,590.00	3,650.00	726	2,619,160.00
193	2023/05/11	3,657.00	-0.62	3,698.00	3,645.00	3,698.00	844	3,085,954.60
194	2023/05/10	3,680.00	-0.27	3,680.10	3,680.00	3,680.10	55	202,403.00
195	2023/05/09	3,690.00	0.27	3,773.00	3,675.00	3,700.00	1,087	4,026,170.00
196	2023/05/08	3,680.00	-0.81	3,730.00	3,665.00	3,710.00	470	1,737,764.00
197	2023/05/07	3,710.00	-0.56	3,740.00	3,675.00	3,731.00	850	3,150,433.80
198	2023/05/04	3,731.00	0.84	3,750.00	3,700.00	3,705.00	636	2,367,438.50
199	2023/05/03	3,700.00	-0.13	3,708.00	3,660.00	3,660.00	449	1,661,200.00
200	2023/05/02	3,705.00	-1.75	3,800.00	3,700.00	3,800.00	603	2,246,883.10
201	2023/04/30	3,771.00	-1.92	3,825.00	3,771.00	3,825.00	181	687,106.40
202	2023/04/27	3,844.90	-0.05	3,844.90	3,760.10	3,782.00	526	1,986,427.10
203	2023/04/26	3,846.80	-0.26	3,880.00	3,773.00	3,850.00	556	2,112,719.50
204	2023/04/25	3,857.00	0.68	3,857.00	3,800.00	3,831.00	910	3,474,500.00
205	2023/04/24	3,831.00	0.29	3,920.00	3,825.00	3,852.00	283	1,094,123.00
206	2023/04/23	3,820.10	-1.54	3,957.60	3,800.00	3,957.60	505	1,943,587.00
207	2023/04/20	3,880.00	-0.51	3,890.00	3,850.00	3,860.00	508	1,962,654.50
208	2023/04/19	3,900.00	1.3	3,900.00	3,820.00	3,825.00	405	1,558,350.00
209	2023/04/18	3,850.00	-0.77	3,870.00	3,836.00	3,870.00	257	989,557.00
210	2023/04/17	3,880.00	-0.94	3,995.00	3,880.00	3,917.00	440	1,712,756.00
211	2023/04/16	3,917.00	-1.09	3,950.00	3,900.00	3,900.10	303	1,187,441.90
212	2023/04/13	3,960.00	-1.49	4,000.00	3,922.60	3,950.00	467	1,847,156.00
213	2023/04/12	4,020.00	3.88	4,100.00	3,920.00	3,920.00	2,560	10,313,001.20
214	2023/04/11	3,870.00	0.91	3,895.00	3,810.00	3,835.00	123	474,875.00
215	2023/04/10	3,835.00	1.48	3,835.00	3,706.00	3,706.00	520	1,948,387.00
216	2023/04/09	3,779.00	-1.31	3,785.00	3,755.00	3,760.00	345	1,299,271.00
217	2023/04/06	3,829.00	0.5	3,847.80	3,760.00	3,800.10	425	1,616,124.00
218	2023/04/05	3,810.00	-0.65	3,850.00	3,800.00	3,800.00	121	463,138.00
219	2023/04/04	3,835.00	0.4	3,835.00	3,820.00	3,820.00	46	176,045.00
220	2023/04/03	3,819.90	1.03	3,819.90	3,720.10	3,782.00	413	1,549,567.00
221	2023/04/02	3,781.00	-3.05	3,911.00	3,770.00	3,900.00	677	2,586,518.00
222	2023/03/30	3,900.00	0.28	4,030.00	3,840.00	3,960.00	475	1,847,551.00
223	2023/03/29	3,889.00	-0.79	3,920.00	3,842.00	3,920.00	1,023	3,949,908.40
224	2023/03/28	3,920.00	1.16	3,950.00	3,900.00	3,948.00	544	2,130,829.00
225	2023/03/27	3,875.00	1.71	3,875.00	3,800.00	3,800.00	483	1,845,900.00
226	2023/03/26	3,810.00	-2.31	3,851.00	3,790.00	3,851.00	449	1,711,340.00
227	2023/03/23	3,900.00	-2.5	3,970.00	3,855.00	3,925.00	627	2,442,190.00
228	2023/03/22	4,000.00	0	4,080.00	3,920.00	4,080.00	1,435	5,759,535.00
229	2023/03/20	4,000.00	4.19	4,045.00	3,823.50	3,899.00	920	3,595,673.20
230	2023/03/19	3,839.00	-0.16	3,845.00	3,772.00	3,845.00	375	1,430,185.00
231	2023/03/16	3,845.00	2.53	3,845.00	3,751.00	3,800.00	801	3,049,694.00
232	2023/03/15	3,750.00	0.81	3,750.00	3,690.00	3,740.00	1,119	4,151,900.00
233	2023/03/14	3,720.00	-2.77	3,890.00	3,720.00	3,880.00	671	2,526,320.50
234	2023/03/13	3,826.00	-1.62	3,850.00	3,751.00	3,850.00	1,074	4,079,060.00
235	2023/03/12	3,889.00	-1.32	4,014.90	3,823.00	4,014.90	1,421	5,548,057.40
236	2023/03/09	4,335.00	3.21	4,335.00	4,200.00	4,200.00	3,999	17,038,741.00
237	2023/03/07	4,200.00	0.24	4,280.00	4,100.00	4,249.00	29,360	120,785,503.00
238	2023/03/05	4,190.00	-0.24	4,220.00	4,102.00	4,130.00	2,909	12,067,007.00
239	2023/03/02	4,200.00	-2.44	4,302.00	4,200.00	4,302.00	3,537	14,979,062.00
240	2023/03/01	4,305.00	-0.65	4,400.00	4,281.00	4,310.00	1,604	6,939,735.00
241	2023/02/28	4,333.00	0.18	4,389.00	4,323.10	4,389.00	418	1,812,038.30
242	2023/02/27	4,325.00	0.12	4,406.40	4,280.00	4,406.40	2,280	9,858,304.00
243	2023/02/26	4,320.00	-1.59	4,449.00	4,251.00	4,303.00	1,447	6,266,199.00
244	2023/02/23	4,390.00	-2.31	4,450.00	4,370.10	4,450.00	1,507	6,630,942.80
245	2023/02/22	4,494.00	0	4,525.00	4,460.00	4,470.00	1,808	8,115,682.00
246	2023/02/20	4,494.00	0.51	4,550.00	4,300.00	4,440.00	26,649	114,847,947.00
247	2023/02/16	4,471.00	-1.63	4,560.00	4,471.00	4,540.00	3,060	13,818,829.90
248	2023/02/15	4,545.00	-0.33	4,600.00	4,505.00	4,560.00	2,185	9,942,092.00
249	2023/02/14	4,560.00	-0.44	4,610.00	4,510.00	4,580.00	2,406	10,985,875.90
250	2023/02/12	4,580.00	-1.46	4,635.00	4,550.00	4,561.00	2,577	11,800,408.50
251	2023/02/09	4,648.00	0.17	4,650.00	4,552.00	4,552.00	1,419	6,511,911.00
252	2023/02/08	4,640.00	0.32	4,715.00	4,591.00	4,698.00	1,787	8,305,618.00
253	2023/02/07	4,625.00	3.98	4,625.00	4,500.00	4,500.00	3,415	15,647,313.10
254	2023/02/06	4,448.00	-0.04	4,485.00	4,380.00	4,380.00	821	3,649,134.00
255	2023/02/05	4,450.00	-1.11	4,500.00	4,420.00	4,450.00	1,711	7,630,602.00
256	2023/02/02	4,500.00	-1.1	4,600.00	4,475.00	4,600.00	1,550	6,973,714.00
257	2023/02/01	4,550.00	0	4,550.00	4,505.00	4,550.00	496	2,245,087.00
258	2023/01/31	4,550.00	-0.66	4,580.00	4,503.00	4,550.00	1,943	8,804,382.00
259	2023/01/30	4,580.00	-1.93	4,650.10	4,580.00	4,650.00	1,789	8,228,895.10
260	2023/01/29	4,670.00	-0.34	4,685.00	4,593.00	4,593.00	1,284	5,950,572.00
261	2023/01/26	4,686.00	0.17	4,725.00	4,685.00	4,699.90	1,373	6,447,932.00
262	2023/01/25	4,678.00	0.93	4,690.00	4,611.00	4,650.00	1,602	7,476,127.80
263	2023/01/24	4,635.00	0.22	4,717.50	4,595.00	4,699.00	3,041	14,133,123.20
264	2023/01/23	4,625.00	0.15	4,705.00	4,580.00	4,600.00	1,926	8,957,500.00
265	2023/01/19	4,618.00	2.74	4,640.00	4,495.00	4,495.00	3,059	14,009,893.50
266	2023/01/18	4,495.00	-7.89	4,880.00	4,410.00	4,880.00	11,496	52,799,297.70
267	2023/01/12	4,880.00	1.04	4,950.00	4,781.00	4,830.00	671	3,249,039.00
268	2023/01/10	4,830.00	-2.84	5,100.00	4,830.00	5,001.00	5,792	28,629,063.10
269	2023/01/09	4,971.00	3.56	5,023.00	4,721.00	4,800.00	6,205	30,604,380.20
270	2023/01/08	4,800.00	3.11	4,814.00	4,515.00	4,600.00	5,405	25,542,302.90
271	2023/01/05	4,655.00	2.22	4,895.00	4,463.00	4,645.00	6,428	30,007,963.70
272	2023/01/04	4,554.00	10	4,554.00	4,180.10	4,218.00	4,407	19,103,804.60
273	2023/01/03	4,140.00	3.5	4,233.00	4,000.00	4,005.00	4,804	19,921,315.00
274	2023/01/02	4,000.00	3.63	4,034.00	3,885.00	3,933.00	3,246	12,887,672.20
275	2023/01/01	3,860.00	0.68	3,910.00	3,841.00	3,849.00	1,907	7,388,712.00
276	2022/12/29	3,834.00	2.46	3,835.20	3,723.00	3,742.00	1,371	5,189,369.00
277	2022/12/28	3,742.00	-0.48	3,770.00	3,707.00	3,707.00	1,186	4,444,184.00
278	2022/12/27	3,760.00	3.01	3,770.00	3,675.00	3,700.00	4,092	15,274,125.50
279	2022/12/26	3,650.00	2.82	3,650.00	3,555.00	3,621.00	489	1,772,629.00
280	2022/12/22	3,550.00	-1.11	3,560.00	3,530.00	3,530.00	926	3,284,427.00
281	2022/12/21	3,590.00	-1.07	3,590.00	3,582.00	3,590.00	274	983,460.00
282	2022/12/20	3,628.90	0.93	3,635.00	3,594.00	3,594.00	816	2,950,497.00
283	2022/12/19	3,595.50	0.15	3,643.00	3,525.00	3,643.00	433	1,547,845.00
284	2022/12/18	3,590.00	0.56	3,595.00	3,535.00	3,590.00	222	792,605.00
285	2022/12/15	3,570.00	-0.28	3,600.00	3,535.00	3,600.00	368	1,314,910.00
286	2022/12/14	3,580.00	0	3,610.00	3,540.00	3,580.00	1,426	5,127,072.00
287	2022/12/13	3,580.00	-0.28	3,649.00	3,565.00	3,648.90	1,033	3,694,052.00
288	2022/12/12	3,590.00	-0.31	3,590.00	3,558.00	3,573.00	858	3,066,177.00
289	2022/12/11	3,601.00	-1.07	3,654.00	3,583.00	3,585.00	1,187	4,276,041.00
290	2022/12/07	3,640.00	-1.09	3,650.00	3,611.20	3,650.00	643	2,337,545.00
291	2022/12/06	3,680.00	-0.46	3,710.00	3,650.00	3,709.00	1,091	4,036,265.00
292	2022/12/05	3,697.00	-1.41	3,799.00	3,675.00	3,799.00	1,959	7,258,146.00
293	2022/12/04	3,750.00	0.83	3,790.00	3,725.00	3,749.00	2,818	10,610,238.90
294	2022/12/01	3,719.00	1.11	3,734.00	3,652.00	3,652.00	2,532	9,365,494.60
295	2022/11/30	3,678.00	1.04	3,678.00	3,625.00	3,640.00	994	3,629,891.80
296	2022/11/29	3,640.30	-0.54	3,660.00	3,591.00	3,591.00	1,422	5,165,499.20
297	2022/11/28	3,660.00	0.27	3,700.00	3,580.00	3,580.00	3,885	14,246,354.00
298	2022/11/27	3,650.00	1.53	3,667.00	3,595.00	3,665.00	2,187	7,941,858.00
299	2022/11/24	3,595.00	1.27	3,595.00	3,540.00	3,552.00	809	2,896,118.20
300	2022/11/23	3,550.00	0.97	3,585.00	3,500.00	3,585.00	1,593	5,616,962.00
301	2022/11/22	3,516.00	-0.82	3,664.00	3,480.00	3,480.00	1,328	4,690,898.70
302	2022/11/17	3,545.00	2.2	3,581.00	3,500.00	3,535.00	1,312	4,637,194.00
303	2022/11/16	3,468.80	-0.89	3,565.00	3,468.80	3,565.00	1,184	4,154,175.00
304	2022/11/15	3,500.00	0.37	3,530.00	3,470.00	3,495.00	886	35,000.00
305	2022/11/15	3,500.00	0.37	3,530.00	3,470.00	3,495.00	886	3,062,349.40
306	2022/11/13	3,471.00	-1.95	3,567.00	3,471.00	3,540.00	497	34,960.00
307	2022/11/13	3,471.00	-1.95	3,567.00	3,471.00	3,540.00	497	34,750.00
308	2022/11/13	3,471.00	-1.95	3,567.00	3,471.00	3,540.00	497	34,710.00
309	2022/11/13	3,471.00	-1.95	3,567.00	3,471.00	3,540.00	497	1,741,088.00
310	2022/11/13	3,471.00	-1.95	3,567.00	3,471.00	3,540.00	497	1,344,258.00
311	2022/11/10	3,540.00	-1.39	3,550.00	3,500.00	3,535.00	619	2,180,049.70
312	2022/11/09	3,590.00	-1.1	3,650.00	3,550.00	3,630.00	1,168	4,180,722.00
313	2022/11/08	3,630.00	-1.76	3,670.00	3,600.00	3,640.00	2,350	8,506,069.50
314	2022/11/07	3,695.00	0.76	3,800.00	3,650.00	3,740.00	1,827	6,800,393.50
315	2022/11/06	3,667.00	3.15	3,690.00	3,501.00	3,501.00	1,293	4,702,825.00
316	2022/11/03	3,555.00	-0.56	3,630.00	3,508.00	3,630.00	339	1,205,710.00
317	2022/11/02	3,575.00	-1.73	3,680.00	3,552.00	3,650.00	1,658	5,979,407.70
318	2022/11/01	3,638.00	5.51	3,638.00	3,450.00	3,450.00	1,633	5,797,121.00
319	2022/10/31	3,448.00	1.11	3,530.00	3,400.00	3,477.00	261	899,348.00
320	2022/10/23	3,410.00	0.29	3,430.00	3,371.50	3,400.00	326	1,105,247.00
321	2022/10/20	3,400.00	0.09	3,400.00	3,360.00	3,400.00	100	336,980.00
322	2022/10/19	3,397.00	-1.11	3,479.00	3,370.00	3,479.00	469	1,593,801.00
323	2022/10/17	3,435.00	0.29	3,488.00	3,406.00	3,440.00	373	1,285,154.00
324	2022/10/16	3,425.00	-1.58	3,470.00	3,390.00	3,470.00	1,024	3,516,271.80
325	2022/10/13	3,480.00	0.14	3,514.00	3,430.00	3,499.00	876	3,029,045.50
326	2022/10/12	3,475.00	-0.97	3,526.00	3,440.50	3,480.00	544	1,891,236.00
327	2022/10/11	3,509.00	0.26	3,599.00	3,480.00	3,568.00	165	578,716.00
328	2022/10/10	3,500.00	-0.43	3,540.00	3,445.00	3,540.00	654	2,273,287.00
329	2022/10/09	3,515.00	0.77	3,549.00	3,510.00	3,548.00	807	2,844,564.20
330	2022/09/29	3,488.00	-0.03	3,550.00	3,455.00	3,548.00	649	2,268,730.00
331	2022/09/28	3,489.00	-0.29	3,498.60	3,430.00	3,430.00	341	1,184,906.00
332	2022/09/27	3,499.00	1.42	3,523.00	3,450.00	3,515.00	704	2,459,583.90
333	2022/09/25	3,450.00	-1.15	3,558.00	3,401.00	3,558.00	1,373	4,717,836.50
334	2022/09/22	3,490.00	0.26	3,525.00	3,455.50	3,500.00	360	1,256,310.00
335	2022/09/21	3,481.00	0.61	3,550.00	3,415.00	3,429.00	841	2,949,452.00
336	2022/09/20	3,460.00	-2.84	3,501.00	3,420.60	3,501.00	753	2,605,410.70
337	2022/09/18	3,561.00	-3.44	3,760.00	3,550.00	3,760.00	1,180	4,231,636.80
338	2022/09/16	3,688.00	-0.05	3,688.00	3,500.00	3,617.00	809	2,892,774.00
339	2022/09/15	3,690.00	-3.73	3,800.00	3,643.00	3,765.00	2,308	8,546,384.50
340	2022/09/14	3,833.00	5.78	3,840.00	3,665.00	3,695.90	3,046	11,435,353.00
341	2022/09/13	3,623.50	1.47	3,637.00	3,590.00	3,597.00	1,074	3,884,729.50
342	2022/09/12	3,571.00	-0.7	3,574.00	3,500.00	3,526.00	1,536	5,427,541.00
343	2022/09/11	3,596.00	-0.42	3,699.00	3,596.00	3,668.00	2,278	8,281,783.00
344	2022/09/08	3,611.00	-1.07	3,647.00	3,570.00	3,631.00	995	3,583,318.00
345	2022/09/07	3,650.00	-2.72	3,782.00	3,650.00	3,782.00	759	2,804,427.00
346	2022/09/06	3,752.00	-1.13	3,784.00	3,697.30	3,760.00	2,792	10,384,753.10
347	2022/09/05	3,795.00	-0.78	3,846.00	3,790.00	3,790.00	629	2,401,220.00
348	2022/09/04	3,825.00	-0.26	3,840.00	3,800.00	3,835.00	839	3,193,280.00
349	2022/09/02	3,835.00	-0.03	3,900.00	3,772.00	3,900.00	1,020	3,872,125.00
350	2022/09/01	3,840.00	0	3,854.00	3,779.00	3,854.00	565	2,814,917.00
351	2022/08/31	3,840.00	-1.31	3,850.00	3,805.00	3,850.00	1,443	5,516,412.00
352	2022/08/30	3,891.00	-0.23	4,010.00	3,810.00	3,978.00	721	2,785,863.80
353	2022/08/29	3,900.00	1.3	3,915.00	3,775.00	3,780.00	1,047	4,042,704.00
354	2022/08/28	3,850.00	-2.28	4,005.00	3,841.00	4,000.00	1,913	7,434,152.00
355	2022/08/26	3,940.00	-2.45	4,109.00	3,900.00	4,109.00	856	3,392,244.00
356	2022/08/25	4,039.00	-0.91	4,090.00	3,996.00	4,050.00	1,980	7,992,321.00
357	2022/08/24	4,076.10	-1.26	4,128.00	4,053.00	4,128.00	1,841	7,537,576.30
358	2022/08/23	4,128.00	0.71	4,129.00	4,039.00	4,100.00	1,114	4,562,972.00
359	2022/08/22	4,099.00	0	4,100.00	4,040.20	4,100.00	1,879	7,634,511.70
360	2022/08/21	4,099.00	-2.03	4,249.00	4,056.00	4,132.00	3,190	13,167,559.00
361	2022/08/18	4,184.00	0.94	4,225.00	4,135.00	4,150.00	1,985	8,292,744.50
362	2022/08/17	4,145.00	0.02	4,200.00	4,104.00	4,150.00	312	1,297,388.90
363	2022/08/16	4,144.00	-1.61	4,265.00	4,116.00	4,226.00	1,948	8,160,188.00
364	2022/08/15	4,212.00	4.78	4,238.00	4,020.00	4,021.00	2,269	9,382,862.00
365	2022/08/14	4,020.00	-2.43	4,100.00	4,019.00	4,037.60	1,728	7,041,116.50
366	2022/08/11	4,120.00	-0.19	4,199.00	4,050.00	4,128.00	2,576	10,582,108.50
367	2022/08/10	4,128.00	-1.71	4,197.00	4,116.00	4,117.00	1,802	7,464,815.00
368	2022/08/09	4,200.00	-3.23	4,398.00	4,185.00	4,394.00	3,035	12,920,976.00
369	2022/08/08	4,340.00	-0.91	4,421.00	4,333.00	4,400.00	3,455	15,134,394.40
370	2022/08/07	4,380.00	2.77	4,387.00	4,177.00	4,177.00	2,895	12,544,107.20
371	2022/08/05	4,262.00	-3.14	4,400.00	4,255.00	4,400.00	3,746	16,146,572.00
372	2022/08/04	4,400.00	-5.15	4,650.00	4,396.00	4,645.00	6,676	30,018,530.90
373	2022/08/03	4,639.00	4.48	4,697.00	4,400.00	4,400.00	8,787	40,383,743.80
374	2022/08/02	4,440.00	2.07	4,473.70	4,265.00	4,300.00	5,497	24,036,001.00
375	2022/08/01	4,350.00	4.19	4,425.00	4,225.00	4,255.00	6,995	30,309,018.60
376	2022/07/31	4,175.00	3.37	4,188.00	4,100.00	4,117.00	4,379	18,124,423.60
377	2022/07/29	4,039.00	0.22	4,100.00	3,951.00	4,000.00	2,591	10,391,909.00
378	2022/07/28	4,030.00	0	4,110.60	4,000.00	4,109.80	2,662	10,853,885.10
379	2022/07/27	4,030.00	-0.25	4,097.00	3,960.00	4,037.00	2,019	8,072,029.60
380	2022/07/26	4,040.00	-1.92	4,185.00	4,030.00	4,050.00	2,528	10,304,579.00
381	2022/07/25	4,119.00	2.36	4,150.00	4,050.00	4,100.00	3,969	15,895,902.00
382	2022/07/24	4,024.00	4.84	4,150.00	3,871.00	3,900.00	2,704	10,716,993.50
383	2022/07/22	3,838.10	-2.83	4,000.00	3,827.00	3,875.00	2,877	11,156,537.00
384	2022/07/21	3,950.00	-1.59	4,030.00	3,941.10	4,030.00	894	3,548,363.50
385	2022/07/20	4,014.00	-0.64	4,099.00	3,980.00	4,050.00	2,744	11,084,915.00
386	2022/07/19	4,040.00	1.51	4,110.00	4,017.00	4,033.00	3,557	14,437,743.00
387	2022/07/18	3,980.00	0	3,990.00	3,900.40	3,980.00	1,058	4,180,206.00
388	2022/07/17	3,980.00	0.76	4,010.00	3,925.00	4,000.00	1,713	6,801,380.00
389	2022/07/15	3,950.00	-0.63	4,020.00	3,910.00	4,020.00	1,453	5,722,805.00
390	2022/07/14	3,975.00	0	4,130.00	3,950.00	4,050.00	2,500	10,070,118.10
391	2022/07/13	3,975.00	6.14	4,030.00	3,800.00	3,818.00	6,098	24,154,604.00
392	2022/07/12	3,745.00	1.55	3,810.00	3,672.00	3,748.00	2,140	8,001,423.20
393	2022/07/11	3,688.00	-5.82	3,850.00	3,662.00	3,850.00	3,885	14,434,842.00
394	2022/07/08	3,916.00	-3.07	4,081.00	3,901.00	4,010.00	3,603	14,187,106.00
395	2022/07/07	4,040.00	-1.22	4,200.00	4,025.00	4,170.00	2,910	11,952,112.00
396	2022/07/06	4,090.00	-0.24	4,175.00	3,880.00	4,174.00	4,005	15,991,255.20
397	2022/07/05	4,100.00	-3.82	4,440.00	4,100.00	4,200.00	6,215	26,224,294.80
398	2022/07/04	4,263.00	6.85	4,388.60	3,988.00	4,069.40	11,151	47,875,125.90
399	2022/07/03	3,989.70	10	3,989.70	3,540.00	3,560.00	5,222	19,890,103.80
400	2022/07/01	3,627.00	1.17	3,712.00	3,513.30	3,640.00	1,932	6,994,158.00
401	2022/06/30	3,585.00	8.31	3,615.00	3,310.00	3,310.00	3,536	12,342,238.80
402	2022/06/29	3,310.00	7.82	3,310.00	3,070.00	3,131.00	4,005	12,872,760.90
403	2022/06/28	3,070.00	-0.97	3,100.00	3,039.00	3,100.00	1,060	3,250,137.00
404	2022/06/27	3,100.00	-1.59	3,184.00	3,088.00	3,150.00	1,944	6,082,175.20
401	2022/06/26	3,150.00	7.33	3,173.00	2,935.00	2,993.70	3,380	10,381,588.00
402	2022/06/24	2,935.00	0.27	2,942.00	2,870.00	2,881.20	711	2,069,228.00
403	2022/06/23	2,927.00	-2.43	2,950.00	2,900.00	2,950.00	1,193	3,490,456.00
404	2022/06/22	3,000.00	-1.02	3,050.00	2,980.00	3,032.00	1,543	4,624,021.60
405	2022/06/21	3,031.00	2.75	3,044.50	2,945.00	3,000.00	1,081	3,249,210.00
406	2022/06/20	2,950.00	-1.24	2,975.00	2,930.00	2,931.00	1,029	3,023,607.20
407	2022/06/19	2,987.00	-2.07	3,059.00	2,961.00	3,050.00	1,384	4,137,229.00
408	2022/06/17	3,050.00	-0.33	3,115.00	3,000.00	3,115.00	502	1,525,523.20
409	2022/06/16	3,060.00	1.32	3,130.00	3,010.00	3,070.00	1,831	5,584,538.80
410	2022/06/15	3,020.00	-2.58	3,080.00	3,001.00	3,080.00	1,394	4,226,519.50
411	2022/06/14	3,100.00	-3.06	3,200.00	3,060.00	3,185.00	2,289	7,096,836.00
412	2022/06/13	3,198.00	-1.54	3,260.00	3,198.00	3,248.00	557	1,789,978.00
413	2022/06/10	3,248.00	-1.25	3,270.00	3,208.00	3,223.30	381	1,232,072.00
414	2022/06/09	3,289.00	0.27	3,345.00	3,235.00	3,340.00	2,013	6,617,998.70
415	2022/06/08	3,280.00	3.8	3,288.00	3,161.00	3,217.00	1,308	4,222,254.10
416	2022/06/07	3,160.00	-1.59	3,250.00	3,154.00	3,208.00	1,631	5,182,121.00
417	2022/06/06	3,211.00	-0.28	3,285.00	3,167.00	3,220.10	738	2,384,016.00
418	2022/06/03	3,220.00	-3.04	3,279.00	3,151.00	3,276.00	3,527	11,349,308.00
419	2022/06/02	3,321.00	-3.18	3,500.00	3,300.00	3,498.00	1,636	5,549,659.40
420	2022/06/01	3,430.00	-2.2	3,554.00	3,402.00	3,554.00	507	1,754,802.00
421	2022/05/31	3,507.00	-2.04	3,600.00	3,450.00	3,580.00	1,965	6,883,219.00
422	2022/05/30	3,580.00	-3.5	3,740.00	3,528.00	3,720.00	2,700	9,702,848.10
423	2022/05/27	3,710.00	-0.8	3,730.00	3,680.10	3,730.00	718	2,657,034.00
424	2022/05/26	3,740.00	0.46	3,754.00	3,707.00	3,725.00	889	3,317,007.00
425	2022/05/25	3,723.00	1.72	3,734.00	3,685.00	3,700.00	1,003	3,721,191.00
426	2022/05/24	3,660.00	-0.25	3,694.00	3,650.00	3,670.00	700	2,569,252.00
427	2022/05/23	3,669.00	-0.84	3,773.00	3,650.00	3,773.00	1,111	4,083,950.00
428	2022/05/20	3,700.00	-2.89	3,808.00	3,699.00	3,805.00	1,458	5,441,201.00
429	2022/05/19	3,810.00	-1.17	3,930.00	3,805.00	3,930.00	492	1,888,084.00
430	2022/05/18	3,855.00	-0.52	3,860.00	3,801.00	3,801.00	1,008	3,859,937.00
431	2022/05/17	3,875.00	-2.52	3,970.00	3,860.00	3,902.00	805	3,143,533.00
432	2022/05/12	3,975.00	-1.58	4,115.00	3,900.00	4,115.00	2,801	11,072,675.90
433	2022/05/11	4,039.00	0.87	4,049.40	3,970.00	4,005.00	2,368	9,475,001.00
434	2022/05/10	4,004.00	0.1	4,005.00	3,841.00	3,925.00	2,224	8,702,427.00
435	2022/05/09	4,000.00	1.78	4,043.00	3,930.00	3,930.00	1,213	4,849,132.00
436	2022/05/08	3,930.00	0.31	3,930.00	3,839.70	3,918.00	639	2,486,013.00
437	2022/05/05	3,918.00	-2.05	4,050.00	3,889.70	3,925.00	831	3,257,701.40
438	2022/05/04	4,000.00	-2.18	4,050.00	3,976.00	4,008.00	795	3,184,822.60
439	2022/05/02	4,089.00	-0.9	4,150.00	4,057.30	4,100.00	589	2,425,842.00
440	2022/04/28	4,126.20	-1.76	4,210.00	4,126.20	4,210.00	665	2,764,021.10
441	2022/04/27	4,200.00	0	4,282.00	4,126.00	4,282.00	516	2,143,882.20
442	2022/04/26	4,200.00	-0.07	4,324.00	4,181.00	4,203.00	506	2,137,434.00
443	2022/04/25	4,203.00	-0.4	4,305.00	4,203.00	4,280.00	841	3,584,090.00
444	2022/04/24	4,220.00	0	4,300.00	4,220.00	4,250.00	3,218	13,677,483.70
445	2022/04/21	4,220.00	-1.01	4,275.00	4,036.00	4,263.00	1,520	6,279,814.50
446	2022/04/20	4,263.00	-0.56	4,309.00	4,220.00	4,287.00	549	2,340,159.00
447	2022/04/19	4,287.00	-0.02	4,299.00	4,170.00	4,212.00	725	3,080,243.20
448	2022/04/18	4,288.00	-0.53	4,310.00	4,230.00	4,300.00	485	2,065,491.00
449	2022/04/17	4,311.00	0.49	4,374.00	4,291.00	4,291.00	379	1,636,476.00
450	2022/04/13	4,290.00	-0.23	4,360.00	4,260.00	4,300.00	1,580	6,793,477.00
451	2022/04/12	4,300.00	-1.87	4,379.00	4,230.00	4,315.10	845	3,628,185.60
452	2022/04/11	4,382.00	-2.58	4,500.00	4,350.00	4,500.00	1,231	5,409,323.00
453	2022/04/07	4,498.00	2.23	4,550.00	4,316.00	4,488.00	1,111	4,925,041.00
454	2022/04/06	4,400.00	-2.98	4,550.00	4,380.00	4,461.00	664	2,934,680.00
455	2022/04/05	4,535.00	-1.63	4,699.00	4,477.00	4,699.00	1,001	4,528,655.00
456	2022/04/04	4,610.00	-1.64	4,700.00	4,610.00	4,700.00	664	3,091,394.00
457	2022/04/03	4,687.00	-1.53	4,760.00	4,682.00	4,760.00	773	3,629,268.40
458	2022/03/31	4,760.00	1.26	4,799.00	4,710.20	4,750.00	1,386	6,606,024.90
459	2022/03/30	4,701.00	-0.19	4,785.00	4,690.00	4,785.00	1,443	6,805,364.00
460	2022/03/29	4,710.00	0.56	4,795.00	4,684.00	4,757.00	2,765	13,099,941.50
461	2022/03/28	5,152.00	-2.79	5,350.00	5,148.00	5,300.00	3,798	19,861,191.80
462	2022/03/27	5,300.00	-2.3	5,400.00	5,290.00	5,390.10	1,760	9,359,202.90
463	2022/03/24	5,425.00	-1.51	5,489.00	5,410.00	5,410.00	1,052	5,722,684.00
464	2022/03/23	5,507.90	0.78	5,565.00	5,322.00	5,565.00	3,581	19,286,240.30
465	2022/03/22	5,465.00	-0.94	5,624.00	5,450.00	5,624.00	1,050	5,764,961.90
466	2022/03/21	5,517.00	1.7	5,517.00	5,377.00	5,425.00	1,000	5,444,807.00
467	2022/03/20	5,425.00	-1.36	5,599.00	5,419.00	5,500.00	861	4,708,140.80
468	2022/03/16	5,500.00	-1.59	5,600.00	5,500.00	5,501.00	940	5,188,945.00
469	2022/03/15	5,589.00	-0.9	5,650.00	5,523.00	5,561.00	1,201	6,685,383.60
470	2022/03/14	5,640.00	-3.84	5,747.70	5,350.00	5,747.70	1,926	10,792,500.60
471	2022/03/13	5,865.00	4.4	5,899.00	5,690.00	5,730.00	2,512	14,570,783.00
472	2022/03/10	5,618.00	2.05	5,618.00	5,505.00	5,505.00	1,247	6,952,202.00
473	2022/03/09	5,505.00	-2.57	5,760.00	5,500.00	5,760.00	1,261	6,981,468.80
474	2022/03/07	5,650.00	-0.37	5,739.00	5,605.00	5,676.00	1,268	7,184,325.00
475	2022/03/06	5,671.00	-0.68	5,820.00	5,595.80	5,595.80	776	4,421,467.50
476	2022/03/02	5,710.00	-2.39	5,900.00	5,695.10	5,900.00	1,494	8,577,273.00
477	2022/02/28	5,850.00	-3.15	6,040.00	5,822.00	6,040.00	2,043	12,041,440.50
478	2022/02/27	6,040.00	-0.17	6,100.00	5,950.00	6,000.00	1,409	8,479,180.00
479	2022/02/24	6,050.00	-1.91	6,175.00	6,045.00	6,045.00	853	5,176,077.00
480	2022/02/23	6,168.00	-1	6,346.00	6,105.40	6,346.00	286	1,762,849.40
481	2022/02/22	6,230.00	0.18	6,343.00	6,210.00	6,343.00	847	5,289,793.00
482	2022/02/21	6,219.00	-0.02	6,250.00	6,160.00	6,220.00	1,290	8,008,870.60
483	2022/02/20	6,220.00	-1.97	6,300.00	6,200.00	6,218.10	1,085	6,779,558.20
484	2022/02/17	6,345.00	0.71	6,350.00	6,271.00	6,350.00	466	2,938,697.00
485	2022/02/16	6,300.00	-1.56	6,420.00	6,285.00	6,300.00	951	5,997,417.00
486	2022/02/15	6,400.00	1.59	6,426.00	6,250.00	6,300.00	606	3,847,303.00
487	2022/02/14	6,300.00	-1.56	6,426.00	6,291.00	6,301.00	1,160	7,350,924.50
488	2022/02/13	6,400.00	-2.07	6,497.00	6,274.00	6,489.00	2,292	14,546,192.40
489	2022/02/10	6,535.00	2.06	6,549.00	6,400.00	6,400.00	2,836	18,406,918.00
490	2022/02/09	6,403.00	-1.49	6,500.00	6,382.00	6,385.00	621	4,000,743.00
491	2022/02/08	6,500.00	0.15	6,750.00	6,425.00	6,619.80	1,958	12,738,276.00
492	2022/02/07	6,490.00	0.31	6,500.00	6,381.00	6,500.00	1,511	9,729,122.00
493	2022/02/06	6,470.00	-1.61	6,600.00	6,452.00	6,576.00	942	6,110,331.10
494	2022/02/03	6,576.00	-0.71	6,749.00	6,575.00	6,696.00	3,504	23,208,593.90
495	2022/02/01	6,623.10	-0.55	6,697.00	6,570.00	6,659.00	3,655	24,167,417.00
496	2022/01/31	6,660.00	-0.58	6,700.00	6,565.10	6,565.10	1,390	9,220,928.00
497	2022/01/30	6,699.00	5.61	6,699.00	6,465.00	6,469.00	3,044	20,022,289.00
498	2022/01/27	6,343.00	-0.11	6,477.00	6,223.00	6,476.00	2,005	12,607,344.00
499	2022/01/26	6,350.00	-1.17	6,398.00	6,262.00	6,325.00	2,545	16,087,675.00
500	2022/01/25	6,425.00	-0.39	6,618.00	6,300.00	6,500.00	5,763	37,565,353.00
501	2022/01/24	6,450.00	-3.44	6,700.00	6,370.00	6,610.00	4,315	27,992,451.80
502	2022/01/23	6,680.10	-1.69	6,930.90	6,600.00	6,930.90	3,048	20,458,684.00
503	2022/01/20	6,795.00	1.42	6,800.00	6,700.00	6,750.00	3,320	22,444,714.00
504	2022/01/19	6,700.00	-2.47	6,870.00	6,685.00	6,870.00	2,458	16,590,993.90
505	2022/01/18	6,870.00	-2.55	7,035.00	6,801.20	7,001.00	2,810	19,381,959.00
506	2022/01/17	7,050.00	-0.25	7,125.00	6,935.00	7,101.00	2,121	14,891,677.60
507	2022/01/16	7,068.00	2.73	7,150.00	6,900.00	6,880.00	3,870	27,335,470.00
508	2022/01/13	6,880.00	2.38	6,968.00	6,705.00	6,834.00	2,608	17,742,025.00
509	2022/01/12	6,720.00	0.6	7,020.00	6,680.00	6,680.00	7,141	49,334,179.70
510	2022/01/11	6,680.00	1.21	6,936.00	6,547.00	6,600.00	2,953	19,825,334.20
511	2022/01/10	6,600.00	2.33	6,700.00	6,370.00	6,500.00	4,611	30,448,458.20
512	2022/01/09	6,450.00	7.05	6,469.00	6,116.00	6,144.00	6,577	41,405,106.70
513	2022/01/06	6,025.00	-0.41	6,088.00	5,930.00	5,951.00	2,293	13,747,370.50
514	2022/01/05	6,050.00	-2.73	6,298.80	6,050.00	6,250.00	3,460	21,298,514.10
515	2022/01/04	6,220.00	1.8	6,250.00	6,150.00	6,199.00	3,197	19,848,945.60
516	2022/01/03	6,110.00	8.14	6,215.00	5,700.00	5,700.00	4,969	29,995,139.00
517	2022/01/02	5,650.00	0.89	5,700.00	5,490.00	5,490.00	3,533	19,860,567.40
518	2021/12/29	5,600.00	-0.99	5,768.00	5,547.00	5,765.00	502	2,821,692.00
519	2021/12/28	5,656.00	1	5,747.00	5,505.00	5,550.00	1,191	6,686,526.40
520	2021/12/27	5,600.00	-3.03	5,835.00	5,590.00	5,750.00	1,664	9,463,605.00
521	2021/12/26	5,775.00	1.49	5,896.00	5,669.00	5,669.00	3,176	18,372,883.60
522	2021/12/23	5,690.00	-0.16	5,900.00	5,690.00	5,811.00	3,370	19,499,005.00
523	2021/12/22	5,699.00	8.35	5,760.00	5,345.00	5,345.00	3,799	21,057,200.00
524	2021/12/21	5,260.00	3.04	5,298.00	5,140.00	5,207.10	556	2,904,453.00
525	2021/12/20	5,105.00	0.1	5,120.00	5,000.00	5,100.00	1,405	7,087,524.00
526	2021/12/16	5,100.00	-2.39	5,200.00	5,020.00	5,131.00	962	4,937,698.50
527	2021/12/15	5,225.00	0.48	5,350.00	5,200.00	5,260.00	2,586	13,684,023.00
528	2021/12/14	5,200.00	7.66	5,221.30	4,900.00	4,926.00	1,882	9,468,308.90
529	2021/12/13	4,830.00	-3.42	5,049.00	4,740.00	4,911.00	2,246	10,948,656.00
530	2021/12/12	5,001.00	-7.73	5,420.00	4,900.00	5,420.00	1,563	8,153,264.60
531	2021/12/09	5,420.00	-0.73	5,550.00	5,360.00	5,450.00	550	2,975,007.00
532	2021/12/08	5,460.00	-3.63	5,778.00	5,450.00	5,778.00	787	4,320,822.00
533	2021/12/07	5,665.90	1.36	5,790.00	5,555.00	5,700.00	1,317	7,445,691.20
534	2021/12/06	5,590.00	-0.2	5,650.00	5,169.00	5,501.00	7,550	40,898,705.80
535	2021/12/05	5,601.10	-4.69	5,815.00	5,600.00	5,796.00	1,091	6,190,977.40
536	2021/12/02	5,877.00	-1.19	6,310.00	5,800.00	6,000.00	3,109	19,208,705.00
537	2021/12/01	5,948.00	0.47	5,966.00	5,895.00	5,935.00	948	5,615,860.00
538	2021/11/30	5,920.00	-0.92	6,094.00	5,857.00	6,094.00	729	4,301,711.00
539	2021/11/29	5,975.00	-0.25	6,252.00	5,901.00	5,901.00	782	4,713,381.50
540	2021/11/28	5,990.00	-5.82	6,300.00	5,990.00	6,300.00	2,110	12,856,416.00
541	2021/11/25	6,360.00	-1.68	6,500.00	6,330.00	6,376.00	1,097	7,001,477.50
542	2021/11/24	6,469.00	-1.24	6,490.00	6,350.00	6,421.00	1,273	8,149,053.50
543	2021/11/23	6,550.00	-1.5	6,644.00	6,520.00	6,520.00	410	2,678,392.00
544	2021/11/22	6,650.00	0.32	6,655.00	6,552.00	6,625.00	435	2,870,749.00
545	2021/11/21	6,629.00	-1.94	6,695.00	6,500.00	6,625.80	2,285	14,987,017.00
546	2021/11/18	6,760.00	-2.03	7,034.00	6,750.00	6,762.00	1,131	7,706,424.00
547	2021/11/17	6,900.00	1.1	7,000.00	6,900.00	6,950.00	1,057	7,354,569.00
548	2021/11/16	6,825.00	1.34	6,900.00	6,650.00	6,650.00	1,259	8,579,714.00
549	2021/11/15	6,735.00	1.43	6,772.00	6,660.00	6,660.00	892	6,007,738.00
550	2021/11/14	6,640.00	-0.63	6,650.00	6,575.00	6,575.00	520	3,431,302.00
551	2021/11/11	6,682.00	-1.59	6,764.00	6,600.00	6,700.00	748	4,986,204.50
552	2021/11/09	6,790.00	-1.59	6,810.10	6,675.00	6,810.10	1,488	10,023,651.00
553	2021/11/08	6,900.00	-0.71	7,191.00	6,900.00	7,084.00	559	3,905,122.00
554	2021/11/03	6,949.00	0.54	7,191.00	6,875.60	7,000.00	1,061	7,373,439.90
555	2021/11/02	6,912.00	-1.96	7,065.00	6,900.00	6,958.00	1,130	7,867,686.00
556	2021/11/01	7,050.00	-1.25	7,281.70	6,993.40	7,140.00	891	6,329,943.00
557	2021/10/31	7,139.00	5.94	7,344.00	6,745.00	6,780.00	1,895	13,174,371.70
558	2021/10/28	6,739.00	-0.1	6,780.00	6,685.00	6,746.00	1,162	7,811,992.00
559	2021/10/27	6,746.00	0.54	6,999.00	6,600.00	6,600.00	1,470	9,968,138.00
560	2021/10/26	6,710.00	3.23	6,900.00	6,530.00	6,545.00	2,419	16,207,887.50
561	2021/10/25	6,500.10	0.62	6,575.00	6,453.20	6,560.00	1,156	7,524,751.00
562	2021/10/24	6,460.00	-1.73	6,593.00	6,435.00	6,464.00	560	3,624,397.00
563	2021/10/21	6,574.00	-1.29	6,625.00	6,500.00	6,600.00	589	3,848,404.20
564	2021/10/20	6,660.00	2.86	6,700.00	6,472.00	6,604.00	620	4,092,746.00
565	2021/10/19	6,475.00	-1.51	6,705.60	6,300.00	6,705.60	1,386	9,355,807.00
566	2021/10/18	7,889.00	1.06	7,935.00	7,780.00	7,934.00	2,999	23,541,399.00
567	2021/10/17	7,806.00	1.91	7,945.00	7,660.00	7,660.00	674	5,287,177.00
568	2021/10/11	7,660.00	-1.98	7,969.00	7,500.00	7,969.00	3,321	25,245,725.50
569	2021/10/10	7,815.00	-1.08	8,060.00	7,700.00	8,058.00	1,176	9,367,179.40
570	2021/10/06	7,900.00	2.04	8,053.00	7,742.00	7,896.00	2,334	18,529,997.00
571	2021/10/05	7,742.00	-2.62	8,210.00	7,742.00	8,109.00	1,613	12,678,894.00
572	2021/10/04	7,950.00	-0.79	8,100.00	7,841.00	8,100.00	1,202	9,579,256.00
573	2021/10/03	8,013.00	-1.51	8,298.70	7,976.30	8,298.70	2,833	22,933,234.00
574	2021/09/30	8,136.00	4.6	8,555.00	7,890.00	7,900.00	3,435	28,007,462.40
575	2021/09/29	7,778.00	2.68	8,226.00	7,465.00	7,600.00	1,437	10,910,689.00
576	2021/09/28	7,575.00	-2.76	7,756.00	7,481.80	7,660.00	1,915	14,518,049.40
577	2021/09/27	7,790.00	-1.27	7,900.00	7,733.00	7,735.00	3,200	25,152,451.00
578	2021/09/26	7,890.00	-2.46	8,100.00	7,854.00	8,050.00	1,923	15,310,382.60
579	2021/09/23	8,089.00	-1.35	8,290.00	7,885.10	8,251.00	1,005	8,145,994.00
580	2021/09/22	8,200.00	3.67	8,251.00	7,910.00	8,000.00	2,590	20,991,293.00
581	2021/09/21	7,910.00	-1.74	8,150.00	7,448.00	7,891.00	3,042	23,718,830.00
582	2021/09/20	8,050.00	-4.73	8,600.00	8,000.00	8,600.00	1,604	13,046,023.00
583	2021/09/16	8,450.00	-3.43	8,750.00	8,330.00	8,750.00	2,047	17,355,914.00
584	2021/09/15	8,750.00	-0.58	8,750.00	8,660.00	8,711.00	1,121	9,759,815.00
585	2021/09/14	8,801.00	-0.78	9,045.00	8,723.00	8,800.00	531	4,693,942.00
586	2021/09/13	8,870.00	1.02	8,996.00	8,800.00	8,822.00	1,344	11,997,194.00
587	2021/09/12	8,780.50	1.32	8,840.00	8,702.00	8,839.00	781	6,860,705.00
588	2021/09/09	8,666.00	-0.39	8,874.00	8,650.00	8,800.00	802	6,998,390.00
589	2021/09/08	8,700.00	-2.25	9,000.00	8,580.00	8,800.00	945	8,241,462.00
590	2021/09/07	8,900.00	-1.33	8,920.00	8,700.00	8,855.00	827	7,318,142.00
591	2021/09/06	9,020.00	3.68	9,020.00	8,650.00	8,800.00	1,903	16,697,600.00
592	2021/09/05	8,700.00	-6.12	9,300.00	8,571.00	9,267.00	2,782	24,437,385.50
593	2021/09/02	9,267.00	-1.2	9,567.50	9,240.10	9,385.00	954	8,958,896.00
594	2021/09/01	9,380.00	0.86	9,448.90	9,250.00	9,375.00	1,032	9,647,393.00
595	2021/08/31	9,300.00	-2.52	9,455.00	9,250.00	9,450.00	2,283	21,312,171.50
596	2021/08/29	9,540.00	-1.55	9,883.00	9,525.10	9,880.00	1,655	15,883,970.80
597	2021/08/26	9,690.00	-0.68	9,900.00	9,555.00	9,850.10	1,855	17,951,613.00
598	2021/08/25	9,756.00	-0.9	9,884.00	9,756.00	9,756.00	1,092	10,685,635.00
599	2021/08/24	9,845.00	-1.35	10,150.00	9,810.00	10,100.00	981	9,735,065.00
600	2021/08/19	9,980.00	1.11	10,150.00	9,900.00	10,067.00	3,483	34,977,513.50
601	2021/08/18	9,870.00	0.2	9,999.00	9,805.00	9,805.00	1,911	18,909,322.50
602	2021/08/17	9,850.00	-1.47	10,150.00	9,825.00	9,997.00	2,635	26,238,985.00
603	2021/08/16	9,997.00	1.47	10,060.00	9,745.00	9,855.00	1,997	19,886,821.00
604	2021/08/15	9,852.00	-1.47	10,094.00	9,800.00	9,800.00	3,833	37,866,360.00
605	2021/08/12	9,999.00	-1.84	10,350.00	9,883.00	10,186.00	4,120	41,301,103.00
606	2021/08/11	10,186.00	-1.39	10,330.00	10,130.00	10,130.00	1,459	14,923,727.00
607	2021/08/10	10,330.00	-1.82	10,422.00	10,115.00	10,310.70	4,046	41,719,669.50
608	2021/08/09	10,521.10	-1.67	11,000.00	10,521.10	10,895.00	1,254	13,430,426.50
609	2021/08/08	10,700.00	0.15	10,700.00	10,500.00	10,660.00	1,499	15,873,185.00
610	2021/08/05	10,684.00	-1.09	10,900.00	10,684.00	10,900.00	1,552	16,621,714.20
611	2021/08/04	10,802.00	-1.62	11,199.00	10,781.00	11,190.00	1,884	20,640,575.00
612	2021/08/03	10,980.00	3.09	10,999.00	10,650.00	10,850.00	6,392	68,828,757.50
613	2021/08/02	10,651.00	-0.98	10,860.00	10,633.00	10,850.00	1,317	14,147,451.70
614	2021/08/01	10,795.00	2.03	11,000.00	10,756.00	10,791.60	5,133	55,505,547.00
615	2021/07/29	10,580.00	0.14	10,700.00	10,580.00	10,650.00	1,670	17,740,232.00
616	2021/07/28	10,565.00	0.71	10,600.00	10,500.00	10,550.00	2,047	21,560,297.00
617	2021/07/27	10,490.00	0.48	10,575.00	10,290.00	10,370.00	2,228	23,347,633.00
618	2021/07/26	10,440.00	0.48	10,760.00	10,267.00	10,550.00	1,984	20,550,810.00
619	2021/07/25	10,390.00	-1.52	10,600.00	10,340.00	10,550.00	1,945	20,326,305.00
620	2021/07/22	10,550.00	-1.86	10,900.00	10,500.00	10,800.00	1,694	17,967,522.00
621	2021/07/20	10,750.00	3.37	10,850.00	10,550.00	10,600.00	4,112	44,063,842.00
622	2021/07/19	10,400.00	4.64	10,770.00	9,950.00	10,000.00	3,216	32,753,534.00
623	2021/07/18	9,939.00	0.91	10,000.00	9,855.00	9,905.00	1,287	12,754,601.00
624	2021/07/15	9,849.00	0.89	9,851.00	9,700.00	9,800.00	988	9,658,615.00
625	2021/07/14	9,762.00	-0.15	9,800.00	9,760.00	9,781.00	490	4,788,810.00
626	2021/07/13	9,777.00	0.05	9,850.00	9,759.00	9,765.00	1,212	11,858,620.00
627	2021/07/12	9,772.00	-1.49	10,000.00	9,771.00	10,000.00	1,108	10,904,460.00
628	2021/07/11	9,920.00	0.71	9,997.00	9,860.00	9,997.00	1,297	12,851,115.00
629	2021/07/08	9,850.00	-0.66	9,900.00	9,800.00	9,900.00	968	9,548,413.00
630	2021/07/07	9,915.00	-0.15	9,915.00	9,811.00	9,811.00	165	1,621,620.00
631	2021/07/06	9,930.00	-0.69	10,198.00	9,930.00	10,000.00	978	9,791,905.00
632	2021/07/05	9,999.00	2.71	10,194.00	9,670.00	9,735.00	1,935	19,054,192.00
633	2021/07/04	9,735.00	-0.15	9,844.00	9,711.00	9,750.00	722	7,046,795.00
634	2021/07/01	9,750.00	0.62	9,883.00	9,655.00	9,880.00	838	8,188,793.00
635	2021/06/30	9,690.00	-0.77	9,847.00	9,600.00	9,710.00	1,426	13,771,990.00
636	2021/06/29	9,765.00	-1.21	9,950.00	9,750.00	9,860.00	838	8,230,210.00
637	2021/06/28	9,885.00	-0.64	10,000.00	9,851.00	10,000.00	513	5,080,793.00
638	2021/06/27	9,949.00	1.78	10,169.00	9,700.00	9,970.00	1,119	11,092,365.00
639	2021/06/24	9,775.00	-0.56	9,900.00	9,761.00	9,830.00	2,052	20,143,344.00
640	2021/06/23	9,830.00	-1.99	10,090.00	9,752.00	10,051.00	2,760	27,232,135.00
641	2021/06/22	10,030.00	0.32	10,100.00	9,990.00	10,000.00	2,349	23,523,880.00
642	2021/06/21	9,998.00	-0.76	10,200.00	9,901.00	10,100.00	2,235	22,360,050.00
643	2021/06/20	10,075.00	-2.18	10,350.00	10,000.00	10,300.00	2,576	26,103,382.00
644	2021/06/17	10,300.00	-0.24	10,435.00	10,210.00	10,400.00	1,402	14,454,295.00
645	2021/06/16	10,325.00	-2.41	10,600.00	10,100.00	10,369.00	5,781	59,469,228.00
646	2021/06/15	10,580.00	-0.8	10,799.00	10,500.00	10,670.00	3,175	33,805,321.00
647	2021/06/14	10,665.00	-0.34	10,780.00	10,652.00	10,710.00	3,858	41,250,384.00
648	2021/06/13	10,701.00	-1.22	11,007.00	10,702.00	11,007.00	3,052	35,119,879.00
649	2021/06/10	10,802.00	-1.18	10,754.00	10,544.00	10,544.00	1,703	30,775,916.00
650	2021/06/09	10,995.00	1.94	11,499.00	10,750.00	10,850.00	3,756	41,014,264.00
651	2021/06/08	10,786.00	0.78	11,000.00	10,775.00	10,900.00	4,070	44,116,139.00
652	2021/06/07	10,702.00	-2.4	10,965.00	10,700.00	10,965.00	4,582	49,444,735.00
653	2021/06/06	10,965.00	-1.22	11,260.00	10,900.00	10,900.00	2,319	25,486,331.00
654	2021/06/03	11,100.00	-0.13	11,337.00	11,100.00	11,336.00	2,713	30,196,792.00
655	2021/06/02	11,115.00	0.68	11,400.00	10,700.00	11,040.00	1,477	16,489,945.00
656	2021/06/01	11,040.00	-1.16	11,400.00	10,700.00	10,700.00	2,740	30,283,610.00
657	2021/05/31	11,170.00	-4.13	11,880.00	11,151.00	11,880.00	4,776	54,091,573.00
658	2021/05/30	11,651.00	-0.84	12,203.00	11,450.00	11,450.00	5,227	61,524,171.00
659	2021/05/27	11,750.00	7.96	11,972.00	10,900.00	10,900.00	9,582	109,233,282.00
660	2021/05/25	10,884.00	1.25	10,980.00	10,795.00	10,898.00	4,165	45,311,423.00
661	2021/05/24	10,750.00	-1.38	11,111.00	10,690.00	11,000.00	2,106	22,754,976.00
662	2021/05/23	10,900.00	1.21	11,016.00	10,555.00	10,680.00	2,509	27,194,139.00
663	2021/05/20	10,770.00	0	10,870.00	10,665.00	10,665.00	2,819	30,299,329.00
664	2021/05/19	10,770.00	0.09	11,194.00	10,700.00	10,975.00	4,373	47,539,758.00
665	2021/05/18	10,760.00	0.65	10,812.00	10,600.00	10,600.00	3,495	37,593,132.00
666	2021/05/17	10,690.00	0.75	10,799.00	10,610.00	10,621.00	2,597	27,735,610.00
667	2021/05/16	10,610.00	0.14	11,008.00	10,500.00	10,500.00	4,679	49,739,716.00
668	2021/05/13	10,595.00	-1.53	10,900.00	10,452.00	10,900.00	3,650	38,645,505.00
669	2021/05/12	10,760.00	-2.27	11,118.00	10,700.00	11,010.00	3,210	34,807,459.00
670	2021/05/11	11,010.00	7.95	11,170.00	10,220.00	10,279.00	9,800	105,299,075.00
671	2021/05/10	10,199.00	2.14	10,295.00	9,802.00	9,802.00	2,210	22,474,151.00
672	2021/05/09	9,985.00	-0.15	10,230.00	9,950.00	10,000.00	2,845	28,723,040.00
673	2021/05/06	10,000.00	0	10,199.00	9,850.00	10,199.00	1,297	13,006,350.00
674	2021/05/05	10,000.00	-1.43	10,300.00	10,000.00	10,289.00	2,445	24,615,235.00
675	2021/05/04	10,145.00	1.24	10,221.00	9,900.00	10,221.00	1,675	16,831,693.00
676	2021/05/03	10,021.00	-1.85	10,414.00	10,005.00	10,400.00	2,202	22,516,830.00
677	2021/05/02	10,210.00	1.09	10,500.00	10,100.00	10,302.00	4,014	40,974,928.00
678	2021/04/29	10,100.00	2.8	10,194.00	9,850.00	10,020.00	1,105	11,054,810.00
679	2021/04/28	9,825.00	-0.81	10,300.00	9,611.00	10,100.00	3,361	33,723,100.00
680	2021/04/27	9,905.00	5.09	9,950.00	9,359.00	9,550.00	2,542	24,817,713.00
681	2021/04/26	9,425.00	-4.8	9,999.00	9,220.00	9,812.00	3,780	36,189,620.00
682	2021/04/25	9,900.00	-3.88	10,300.00	9,712.00	10,300.00	4,242	42,056,647.00
683	2021/04/22	10,300.00	0.1	10,402.00	10,100.00	10,100.00	1,598	16,390,381.00
684	2021/04/21	10,290.00	-0.05	10,444.00	10,160.00	10,301.00	1,130	11,604,300.00
685	2021/04/20	10,295.00	1.02	10,612.00	10,000.00	10,000.00	4,419	45,710,705.00
686	2021/04/19	10,191.00	-3.11	10,500.00	10,191.00	10,308.00	3,494	35,950,748.00
687	2021/04/18	10,518.00	-3.49	11,110.00	10,477.00	11,110.00	3,621	38,365,187.00
688	2021/04/15	10,898.00	-2.7	11,350.00	10,801.00	11,350.00	3,023	33,022,951.00
689	2021/04/13	11,200.00	1.91	11,445.00	10,586.00	10,900.00	3,122	33,942,236.00
690	2021/04/12	10,990.00	-1.88	11,345.00	10,944.00	11,344.00	1,886	21,200,861.00
691	2021/04/08	11,201.00	-0.86	11,505.00	11,150.00	11,200.00	3,436	39,975,711.00
692	2021/04/07	11,298.00	-4.19	11,590.00	10,765.00	11,203.00	9,152	103,860,136.00
693	2021/04/06	11,792.00	-10	12,447.00	11,792.00	12,447.00	4,263	50,762,491.00
694	2021/04/05	13,102.00	3.17	13,450.00	12,446.00	12,950.00	8,435	109,983,730.00
695	2021/04/04	12,700.00	-4.63	13,320.00	12,500.00	13,320.00	5,803	74,250,019.00
696	2021/04/01	13,317.00	9.16	13,317.00	12,000.00	12,200.00	5,962	73,935,100.00
697	2021/04/01	12,200.00	-2.4	12,561.00	11,662.00	12,561.00	4,536	73,935,100.00
698	2021/03/30	12,500.00	-0.71	12,830.00	12,360.00	12,400.00	2,546	32,046,835.00
699	2021/03/29	12,590.00	-4.87	13,300.00	12,500.00	13,300.00	3,041	38,568,322.00
700	2021/03/25	13,235.00	4.17	13,780.00	12,501.00	12,959.00	6,690	88,527,145.00
701	2021/03/24	12,705.00	10	12,705.00	12,127.00	12,127.00	10,179	128,423,196.00
702	2021/03/23	11,550.00	10	11,550.00	10,500.00	10,600.00	11,318	125,899,549.00
703	2021/03/22	10,500.00	-0.47	10,710.00	10,430.00	10,699.00	3,587	37,800,274.00
704	2021/03/21	10,550.00	0.38	10,719.00	10,434.00	10,697.00	3,318	35,044,496.00
705	2021/03/18	10,510.00	-1.13	10,800.00	10,486.00	10,651.00	2,449	25,966,421.00
706	2021/03/17	10,630.00	1.24	11,000.00	10,425.00	10,425.00	2,524	27,026,383.00
707	2021/03/16	10,500.00	-2.05	10,900.00	10,500.00	10,506.00	2,139	22,725,567.00
708	2021/03/15	10,720.00	1.58	10,900.00	10,193.00	10,764.00	2,819	30,061,791.00
709	2021/03/14	10,553.00	-5.77	11,422.00	10,495.00	11,400.00	1,723	18,468,305.00
710	2021/03/10	11,199.00	8.74	11,328.00	9,961.00	10,101.00	5,783	61,218,688.00
711	2021/03/09	10,299.00	-1.44	10,313.00	10,050.00	10,241.00	1,917	19,528,064.00
712	2021/03/07	10,450.00	-5	10,800.00	10,153.00	10,780.00	5,216	54,351,979.00
713	2021/03/04	11,000.00	7.61	11,244.00	10,426.00	10,426.00	6,431	70,477,068.00
714	2021/03/03	10,222.00	10	10,222.00	9,101.00	9,293.00	9,310	93,989,967.00
715	2021/03/02	9,293.00	9.99	9,293.00	8,399.00	8,555.00	15,215	138,491,661.00
716	2021/03/01	8,449.00	3.62	8,561.00	8,202.00	8,561.00	4,105	34,248,468.00
717	2021/02/28	8,154.00	-0.42	8,415.00	8,154.00	8,190.00	2,602	21,439,814.00
718	2021/02/25	8,188.00	-2	8,693.00	8,188.00	8,500.00	3,747	31,543,587.00
719	2021/02/24	8,355.00	0.06	8,590.00	8,301.00	8,450.00	1,593	13,423,829.00
720	2021/02/23	8,350.00	0.98	8,350.00	7,944.00	8,176.00	3,292	26,706,283.00
721	2021/02/22	8,269.00	-3.29	8,500.00	8,150.00	8,500.00	1,609	13,265,072.00
722	2021/02/21	8,550.00	0.59	8,660.00	8,470.00	8,660.00	1,354	11,581,611.00
723	2021/02/18	8,500.00	2.67	8,612.00	8,145.00	8,444.00	4,666	39,328,603.00
724	2021/02/17	8,279.00	2.21	8,279.00	8,074.00	8,260.00	2,288	18,677,335.00
725	2021/02/16	8,100.00	-1.4	8,377.00	8,100.00	8,377.00	983	8,048,755.00
726	2021/02/15	8,215.00	2.71	8,320.00	8,157.00	8,157.00	1,897	15,623,663.00
727	2021/02/14	7,998.00	-0.89	8,105.00	7,851.00	8,100.00	7,193	56,736,027.00
728	2021/02/11	8,070.00	-1.5	8,399.00	8,030.00	8,105.00	1,086	8,859,143.00
729	2021/02/10	8,193.00	-3.49	8,485.00	8,193.00	8,327.00	3,800	31,442,402.00
730	2021/02/09	8,530.00	-1.39	8,823.00	8,374.00	8,819.00	1,118	13,715,833.00
731	2021/02/08	8,650.00	-0.71	8,900.00	8,562.00	8,712.00	879	7,920,444.00
732	2021/02/07	8,712.00	2.51	9,015.00	8,499.00	8,499.00	2,993	26,299,675.00
733	2021/02/04	8,499.00	4.93	8,525.00	8,061.00	8,100.00	6,874	57,426,488.00
734	2021/02/03	8,150.00	-1.81	8,305.00	8,100.00	8,200.00	2,351	20,656,686.00
735	2021/02/02	8,225.00	0.3	8,350.00	8,071.00	8,036.00	2,814	23,402,996.00
736	2021/02/01	8,200.00	1.86	8,210.00	8,050.00	8,070.00	2,008	16,384,940.00
737	2021/01/31	8,050.00	-0.62	8,200.00	8,000.00	8,200.00	2,022	17,442,442.00
738	2021/01/28	8,100.00	0	8,427.00	7,950.00	8,100.00	1,515	12,407,145.00
739	2021/01/27	8,100.00	1.31	8,200.00	7,995.00	7,995.00	1,471	11,898,590.00
740	2021/01/26	7,995.00	-3.09	8,400.00	7,994.00	8,400.00	900	7,355,722.00
741	2021/01/25	8,250.00	3.12	8,800.00	8,000.00	8,000.00	1,507	12,565,800.00
742	2021/01/24	8,000.00	-2.43	8,213.00	7,900.00	8,150.00	1,779	14,289,335.00
743	2021/01/21	8,199.00	0.23	8,200.00	8,050.00	8,199.00	1,171	9,535,380.00
744	2021/01/20	8,180.00	0.07	8,200.00	7,938.00	8,050.00	2,213	17,855,126.00
745	2021/01/19	8,174.00	0.91	8,500.00	7,575.00	8,262.00	3,659	28,996,859.00
746	2021/01/18	8,100.00	6.26	8,385.00	7,775.00	7,775.00	2,903	23,690,900.00
747	2021/01/17	7,623.00	10	7,623.00	7,068.00	7,068.00	3,197	23,589,247.00
748	2021/01/13	6,930.00	0.43	6,949.00	6,801.00	6,801.00	842	5,808,915.00
749	2021/01/12	6,900.00	-0.72	6,989.00	6,815.00	6,900.00	948	6,502,390.00
750	2021/01/11	6,950.00	-0.54	7,000.00	6,850.00	7,000.00	1,795	12,438,708.00
751	2021/01/10	6,988.00	3.68	7,151.00	6,874.00	6,874.00	4,839	33,844,865.00
752	2021/01/07	6,740.00	5.31	7,000.00	6,411.00	6,528.00	2,589	17,322,637.00
753	2021/01/06	6,400.00	-1.08	6,848.00	6,290.00	6,350.00	1,680	10,805,135.00
754	2021/01/05	6,470.00	-6.16	6,887.00	6,210.00	6,758.00	3,071	20,131,645.00
755	2021/01/04	6,895.00	-0.2	7,254.00	6,777.00	7,254.00	535	3,766,785.00
756	2021/01/03	6,909.00	10	6,909.00	6,406.00	6,406.00	3,202	22,019,048.00
757	2020/12/31	6,281.00	10	6,281.00	5,700.00	5,995.00	6,518	40,233,176.00
758	2020/12/30	5,710.00	10	5,710.00	5,250.00	5,250.00	7,215	40,871,842.00
759	2020/12/29	5,191.00	0.02	5,293.00	5,185.00	5,292.00	6,040	31,451,420.00
760	2020/12/28	5,190.00	-2.99	5,295.00	5,139.00	5,243.00	976	5,080,636.00
761	2020/12/27	5,350.00	0.87	5,454.00	5,150.00	5,220.00	3,478	18,340,670.00
762	2020/12/24	5,304.00	1.03	5,304.00	5,065.00	5,150.00	370	1,903,920.00
763	2020/12/23	5,250.00	-0.38	5,355.00	5,190.00	5,270.00	729	3,851,340.00
764	2020/12/22	5,270.00	4.15	5,320.00	5,161.00	5,161.00	1,510	7,905,660.00
765	2020/12/21	5,060.00	-2.69	5,196.00	4,799.00	5,096.00	1,937	9,719,285.00
766	2020/12/20	5,200.00	-4.11	5,420.00	5,110.00	5,315.00	1,533	8,091,777.00
767	2020/12/17	5,423.00	-2.73	5,686.00	5,355.00	5,686.00	700	3,845,960.00
768	2020/12/16	5,575.00	1.36	5,775.00	5,451.00	5,775.00	1,816	10,184,300.00
769	2020/12/15	5,500.00	-2.48	6,103.00	5,500.00	5,640.00	1,944	11,149,425.00
770	2020/12/14	5,640.00	9.51	5,665.00	5,150.00	5,150.00	2,502	14,047,285.00
771	2020/12/13	5,150.00	-1.72	5,300.00	5,105.00	5,300.00	693	3,566,113.00
772	2020/12/10	5,240.00	2.04	5,240.00	5,100.00	5,033.00	887	4,578,885.00
773	2020/12/09	5,135.00	-4.91	5,340.00	5,100.00	5,292.00	1,333	6,913,290.00
774	2020/12/08	5,400.00	-3.83	5,505.00	5,350.00	5,504.00	895	4,842,465.00
775	2020/12/07	5,615.00	6.1	5,619.00	4,996.00	5,300.00	2,238	11,944,039.00
776	2020/12/06	5,292.00	-7.16	5,700.00	5,262.00	5,700.00	1,732	9,461,563.00
777	2020/12/03	5,700.00	-6.94	6,200.00	5,700.00	6,200.00	1,479	8,668,480.00
778	2020/12/02	6,125.00	-2.08	6,600.00	6,027.00	6,150.00	2,003	12,517,660.00
779	2020/12/01	6,255.00	-4.5	6,800.00	6,003.00	6,681.00	1,759	11,233,927.00
780	2020/11/30	6,550.00	9.17	6,600.00	6,300.00	6,300.00	2,879	18,908,900.00
781	2020/11/29	7,500.00	-0.08	7,809.00	7,400.00	7,656.00	4,532	34,483,461.00
782	2020/11/26	7,506.00	-6.17	7,996.00	7,407.00	7,840.00	2,131	16,408,960.00
783	2020/11/25	7,965.00	6.91	8,189.00	7,505.00	7,505.00	1,425	14,768,065.00
784	2020/11/24	7,450.00	7.97	7,590.00	6,900.00	6,900.00	4,075	30,411,488.00
785	2020/11/23	6,900.00	1.46	7,400.00	6,200.00	6,670.00	1,728	11,375,000.00
786	2020/11/22	6,801.00	-6.09	7,966.00	6,518.00	7,386.00	2,398	17,367,766.00
787	2020/11/19	7,242.00	9.94	7,245.00	6,916.00	6,916.00	2,787	20,018,093.00
788	2020/11/18	6,587.00	9.98	6,587.00	6,108.00	6,108.00	4,067	26,743,994.00
789	2020/11/12	5,989.00	9.99	5,989.00	5,553.00	5,553.00	3,423	21,171,542.00
790	2020/11/11	5,445.00	10	5,445.00	5,049.00	5,049.00	2,680	14,580,910.00
791	2020/11/10	4,950.00	10	4,950.00	4,500.00	4,500.00	2,478	11,762,819.00
792	2020/11/09	4,500.00	5.26	4,701.00	4,273.00	4,360.00	1,670	7,610,420.00
793	2020/11/08	4,275.00	9.95	4,276.00	3,888.00	3,888.00	5,058	21,082,871.00
794	2020/11/05	3,888.00	-0.05	3,890.00	3,850.00	3,890.00	1,080	4,193,210.00
795	2020/11/04	3,890.00	0.54	3,900.00	3,869.00	3,869.00	435	1,692,050.00
796	2020/11/03	3,869.00	3.87	3,869.00	3,799.00	3,799.00	1,044	3,993,776.00
797	2020/11/02	3,725.00	1.89	3,845.00	3,660.00	3,660.00	1,750	6,584,345.00
798	2020/11/01	3,656.00	0.99	3,668.00	3,650.00	3,660.00	655	2,394,430.00
799	2020/10/29	3,620.00	1.12	3,640.00	3,590.00	3,590.00	876	3,161,870.00
800	2020/10/28	3,580.00	-1.21	3,645.00	3,580.00	3,645.00	30	108,050.00
801	2020/10/22	3,624.00	0.78	3,641.00	3,600.00	3,615.00	800	2,898,720.00
802	2020/10/21	3,596.00	2.74	3,600.00	3,475.00	3,475.00	630	2,262,590.00
803	2020/10/20	3,500.00	0	3,570.00	3,475.00	3,500.00	1,172	4,142,159.00
804	2020/10/19	3,500.00	0	3,500.00	3,465.00	3,500.00	320	1,119,300.00
805	2020/10/18	3,500.00	1.45	3,500.00	3,445.00	3,450.00	535	1,862,650.00
806	2020/10/15	3,450.00	0.41	3,470.00	3,405.00	3,469.00	1,250	4,304,930.00
807	2020/10/14	3,436.00	-0.26	3,445.00	3,430.00	3,445.00	80	274,850.00
808	2020/10/13	3,445.00	0.15	3,445.00	3,380.00	3,382.00	200	679,350.00
809	2020/10/12	3,440.00	0.15	3,450.00	3,440.00	3,450.00	110	379,400.00
810	2020/10/11	3,435.00	-1.86	3,457.00	3,435.00	3,457.00	565	1,946,655.00
811	2020/10/07	3,500.00	0.14	3,524.00	3,450.00	3,490.00	470	1,642,180.00
812	2020/10/06	3,495.00	0.58	3,500.00	3,450.00	3,500.00	438	1,520,680.00
813	2020/10/05	3,475.00	-1.05	3,500.00	3,475.00	3,500.00	290	1,009,720.00
814	2020/10/04	3,550.00	2.01	3,550.00	3,520.00	3,548.00	423	2,025,965.00
815	2020/10/01	3,480.00	2.17	3,543.00	3,466.00	3,470.00	370	1,287,500.00
816	2020/09/30	3,406.00	-1.22	3,450.00	3,405.00	3,448.00	632	2,160,825.00
817	2020/09/29	3,448.00	-2.74	3,480.00	3,412.00	3,475.00	429	1,473,719.00
818	2020/09/28	3,545.00	-1.53	3,567.00	3,396.00	3,557.00	660	2,316,000.00
819	2020/09/27	3,600.00	0	3,650.00	3,530.00	3,650.00	639	2,299,060.00
820	2020/09/24	3,600.00	8.11	3,640.00	3,350.00	3,370.00	5,435	18,622,470.00
821	2020/09/23	3,330.00	0.91	3,366.00	3,257.00	3,257.00	1,332	4,408,261.00
822	2020/09/22	3,300.00	1.26	3,390.00	3,265.00	3,324.00	2,615	8,673,337.00
823	2020/09/21	3,259.00	-1.24	3,280.00	3,235.00	3,280.00	768	2,490,768.00
824	2020/09/17	3,300.00	0.15	3,320.00	3,290.00	3,295.00	570	1,880,650.00
825	2020/09/16	3,295.00	2.17	3,354.00	3,289.00	3,289.00	655	2,177,165.00
826	2020/09/15	3,225.00	-1.41	3,336.00	3,225.00	3,336.00	1,054	5,221,985.00
827	2020/09/14	3,271.00	-0.12	3,340.00	3,210.00	3,211.00	915	3,065,870.00
828	2020/09/13	3,275.00	-2.82	3,350.00	3,240.00	3,350.00	1,185	3,868,835.00
829	2020/09/10	3,370.00	-3.58	3,514.00	3,362.00	3,500.00	600	2,047,580.00
830	2020/09/09	3,495.00	3.1	3,540.00	3,392.00	3,457.00	1,828	6,371,955.00
831	2020/09/08	3,390.00	9.99	3,390.00	3,100.00	3,100.00	2,080	6,690,834.00
832	2020/09/07	3,082.00	2.9	3,111.00	2,936.00	2,940.00	1,919	5,783,225.00
833	2020/09/06	2,995.00	3.28	3,000.00	2,898.00	2,925.00	2,190	6,528,840.00
834	2020/09/03	2,900.00	-1.36	2,998.00	2,900.00	2,998.00	180	527,040.00
835	2020/09/02	2,940.00	2.08	3,009.00	2,870.00	2,900.00	1,586	4,719,442.00
836	2020/08/31	2,880.00	2.49	2,902.00	2,820.00	2,820.00	1,230	3,528,330.00
837	2020/08/27	2,755.00	-1.22	2,756.00	2,750.00	2,756.00	170	468,170.00
838	2020/08/25	2,800.00	-0.07	2,820.00	2,750.00	2,820.00	250	693,010.00
839	2020/08/24	2,802.00	1.89	2,861.00	2,753.00	2,805.00	835	2,360,845.00
840	2020/08/23	2,750.00	-0.36	2,760.00	2,750.00	2,760.00	90	247,670.00
841	2020/08/20	2,760.00	1.81	2,760.00	2,760.00	2,760.00	20	55,200.00
842	2020/08/19	2,711.00	-2.13	2,760.00	2,705.00	2,760.00	395	1,075,435.00
843	2020/08/18	2,770.00	1.47	2,770.00	2,705.00	2,758.00	990	2,707,640.00
844	2020/08/17	2,730.00	1	2,740.00	2,720.00	2,735.00	670	1,832,250.00
845	2020/08/16	2,703.00	1.69	2,703.00	2,650.00	2,659.00	660	1,764,545.00
846	2020/08/13	2,658.00	0.08	2,660.00	2,658.00	2,660.00	195	518,530.00
847	2020/08/12	2,656.00	-0.71	2,680.00	2,637.00	2,637.00	130	343,810.00
848	2020/08/11	2,675.00	-2.37	2,700.00	2,675.00	2,700.00	1,044	2,802,655.00
849	2020/08/10	2,740.00	1.48	2,740.00	2,700.00	2,700.00	440	546,100.00
850	2020/08/09	2,700.00	1.69	2,700.00	2,650.00	2,655.00	740	1,985,795.00
851	2020/08/06	2,655.00	-1.3	2,690.00	2,655.00	2,690.00	135	358,870.00
852	2020/08/05	2,700.00	-0.04	2,701.00	2,655.00	2,701.00	660	2,307,640.00
853	2020/08/03	2,701.00	1.12	2,725.00	2,671.00	2,719.00	1,318	3,546,370.00
854	2020/08/02	2,671.00	-1.98	2,700.00	2,671.00	2,675.00	577	1,550,066.00
855	2020/07/30	2,725.00	0.52	2,725.00	2,710.00	2,711.00	150	408,140.00
856	2020/07/29	2,711.00	-1.2	2,744.00	2,710.00	2,730.00	1,693	4,634,160.00
857	2020/07/28	2,744.00	-2	2,755.00	2,744.00	2,755.00	240	659,870.00
858	2020/07/27	2,798.00	-1.13	2,830.00	2,744.00	2,825.00	1,795	5,354,470.00
859	2020/07/23	2,800.00	1.45	2,802.00	2,780.00	2,780.00	690	1,931,350.00
860	2020/07/22	2,760.00	-1.43	2,800.00	2,745.00	2,745.00	1,014	2,812,176.00
861	2020/07/21	2,800.00	3.44	2,816.00	2,720.00	2,755.00	670	1,853,084.00
862	2020/07/20	2,707.00	-5.35	2,917.00	2,707.00	2,917.00	645	1,793,875.00
863	2020/07/16	2,860.00	1.6	2,860.00	2,760.00	2,760.00	875	2,438,330.00
864	2020/07/15	2,815.00	1.99	2,815.00	2,799.00	2,799.00	499	1,402,646.00
865	2020/07/14	2,760.00	-1.29	2,850.00	2,760.00	2,800.00	286	808,470.00
866	2020/07/13	2,796.00	1.9	2,796.00	2,701.00	2,701.00	120	325,610.00
867	2020/07/12	2,744.00	0.15	2,800.00	2,686.00	2,686.00	2,113	5,779,830.00
868	2020/07/09	2,740.00	-2.14	2,745.00	2,690.00	2,745.00	1,262	3,418,526.00
869	2020/07/08	2,800.00	1.82	2,800.00	2,695.00	2,695.00	1,360	3,705,110.00
870	2020/07/07	2,750.00	4.17	2,799.00	2,681.00	2,681.00	2,257	6,096,161.00
871	2020/07/06	2,640.00	2.92	2,650.00	2,565.00	2,565.00	2,363	6,205,442.00
872	2020/07/05	2,684.00	-5.82	2,793.00	2,684.00	2,793.00	110	19,270,025.00
873	2020/07/01	2,850.00	3.9	2,850.00	2,797.00	2,797.00	50	140,380.00
874	2020/06/30	2,743.00	9.98	2,743.00	2,480.00	2,480.00	340	890,683.00
875	2020/06/29	2,492.00	5.95	2,492.00	2,259.00	2,305.00	690	1,590,260.00
876	2020/05/13	2,352.00	-2	2,352.00	2,352.00	2,352.00	10	23,520.00
877	2020/03/22	2,400.00	-1.64	2,400.00	2,392.00	2,393.00	80	191,570.00
878	2020/03/19	2,440.00	0.62	2,480.00	2,310.00	2,377.00	1,488	3,557,767.00
879	2020/03/18	2,343.00	1.87	2,390.00	2,250.00	2,255.00	1,277	3,082,251.00
880	2020/03/17	2,300.00	-7.93	2,460.00	2,280.00	2,460.00	1,288	3,040,286.00
881	2020/03/16	2,498.00	0.44	2,531.00	2,440.00	2,440.00	2,415	5,978,842.00
882	2020/03/15	2,487.00	-4.71	2,558.00	2,411.00	2,558.00	11,816	29,421,402.00
883	2020/03/12	2,610.00	-1.55	2,649.00	2,471.00	2,617.00	5,462	13,640,170.00
884	2020/03/11	2,651.00	10	2,651.00	2,416.00	2,458.00	1,462	4,273,102.00
885	2020/03/10	2,410.00	-9.57	2,612.00	2,410.00	2,612.00	760	1,903,760.00
886	2020/03/05	2,665.00	-2.84	2,760.00	2,548.00	2,689.00	647	1,706,685.00
887	2020/03/05	2,743.00	0.85	2,743.00	2,487.00	2,720.00	2,951	1,706,685.00
888	2020/03/03	2,720.00	-2.65	2,800.00	2,687.00	2,794.00	1,502	4,114,710.00
889	2020/03/02	2,794.00	-2	2,800.00	2,794.00	2,800.00	480	1,341,950.00
890	2020/03/01	2,851.00	-3.36	3,009.00	2,851.00	2,950.00	2,755	7,976,979.00
891	2020/02/27	2,950.00	-4.99	3,098.00	2,900.00	3,051.00	689	2,043,122.00
892	2020/02/26	3,105.00	-0.45	3,181.00	3,100.00	3,150.00	1,315	4,109,325.00
893	2020/02/25	3,119.00	5.26	3,130.00	2,930.00	2,963.00	2,005	6,106,005.00
894	2020/02/24	2,963.00	-1.46	2,978.00	2,890.00	3,007.00	2,329	6,851,685.00
895	2020/02/23	3,007.00	9.46	3,021.00	2,744.00	2,800.00	5,152	15,078,448.00
896	2020/02/20	2,747.00	-1.89	2,809.00	2,747.00	2,800.00	2,160	5,975,864.00
897	2020/02/19	2,800.00	0.61	2,815.00	2,728.00	2,730.00	2,007	5,548,216.00
901	2020/02/18	2,771.00	0.4	2,804.00	2,700.00	2,804.00	4,423	12,146,967.00
902	2020/02/17	2,760.00	6.11	2,770.00	2,650.00	2,650.00	5,704	15,619,020.00
903	2020/02/16	2,601.00	2.04	2,745.00	2,549.00	2,549.00	8,993	24,016,774.00
904	2020/02/13	2,549.00	2.53	2,670.00	2,515.00	2,525.00	4,242	10,824,500.00
905	2020/02/12	2,486.00	2.39	2,563.00	2,412.00	2,412.00	2,450	6,197,025.00
906	2020/02/11	2,428.00	-2.06	2,527.00	2,428.00	2,527.00	1,025	2,507,650.00
907	2020/02/10	2,479.00	0.85	2,500.00	2,450.00	2,500.00	75	185,040.00
908	2020/02/09	2,458.00	-0.57	2,500.00	2,413.00	2,423.00	479	1,169,319.00
909	2020/02/06	2,472.00	0.28	2,584.00	2,465.00	2,480.00	3,050	7,694,455.00
910	2020/02/05	2,465.00	4.4	2,505.00	2,400.00	2,406.00	3,230	7,937,560.00
911	2020/02/04	2,361.00	-1.46	2,367.00	2,361.00	2,367.00	445	1,051,420.00
912	2020/02/03	2,396.00	-0.37	2,415.00	2,392.00	2,415.00	930	2,230,860.00
913	2020/02/02	2,400.00	0	2,440.00	2,400.00	2,400.00	1,740	4,676,130.00
914	2020/01/30	2,400.00	-2.36	2,455.00	2,398.00	2,410.00	1,530	3,701,950.00
915	2020/01/29	2,458.00	1.99	2,458.00	2,410.00	2,410.00	355	869,800.00
916	2020/01/28	2,410.00	-3.17	2,499.00	2,410.00	2,498.00	1,364	3,340,680.00
917	2020/01/27	2,489.00	5.6	2,489.00	2,383.00	2,404.00	1,202	2,912,580.00
918	2020/01/26	2,357.00	-1.67	2,445.00	2,321.00	2,351.00	1,760	4,138,720.00
919	2020/01/23	2,397.00	-1.32	2,461.00	2,351.00	2,461.00	3,480	8,347,728.00
920	2020/01/22	2,429.00	-1.22	2,500.00	2,401.00	2,500.00	2,112	5,108,872.00
921	2020/01/21	2,459.00	0.37	2,500.00	2,374.00	2,499.00	3,518	8,543,015.00
922	2020/01/20	2,450.00	-5.62	2,580.00	2,402.00	2,545.00	4,387	10,699,684.00
923	2020/01/19	2,499.00	-3.88	2,700.00	2,499.00	2,652.00	1,433	3,985,895.00
924	2020/01/16	2,636.00	5.44	2,750.00	2,495.00	2,550.00	3,755	9,766,660.00
925	2020/01/15	2,500.00	7.71	2,546.00	2,367.00	2,367.00	3,571	8,890,140.00
926	2020/01/14	2,321.00	10	2,321.00	2,073.00	2,073.00	7,548	17,177,563.00
927	2020/01/13	2,110.00	5.34	2,190.00	2,009.00	2,010.00	4,341	9,031,805.00
928	2020/01/12	2,028.00	3	2,035.00	1,921.00	2,000.00	7,452	14,781,978.00
929	2020/01/09	1,969.00	1.39	1,980.00	1,941.00	1,980.00	614	1,201,344.00
930	2020/01/08	1,942.00	-1.92	2,018.00	1,942.00	2,018.00	1,201	2,356,947.00
931	2020/01/07	1,980.00	0.81	2,062.00	1,880.00	2,062.00	889	1,721,195.00
932	2020/01/06	1,964.00	-2.04	2,004.00	1,930.00	1,971.00	1,354	2,638,920.00
933	2020/01/05	2,005.00	1.26	2,058.00	1,950.00	1,978.00	3,169	6,282,773.00
934	2020/01/02	1,980.00	0.51	2,008.00	1,932.00	2,008.00	980	1,913,260.00
935	2020/01/01	1,970.00	-1.45	2,019.00	1,930.00	2,010.00	4,384	8,623,361.00
936	2019/12/31	1,999.00	0.5	2,048.00	1,950.00	1,950.00	6,471	13,040,720.00
937	2019/12/30	1,989.00	3.11	2,037.00	1,928.00	1,967.00	12,438	24,665,952.00
938	2019/12/29	1,929.00	9.98	1,929.00	1,760.00	1,784.00	6,968	13,106,565.00
939	2019/12/26	1,754.00	8.34	1,754.00	1,587.00	1,587.00	7,732	12,832,412.00
940	2019/12/25	1,619.00	0.19	1,645.00	1,600.00	1,600.00	485	781,484.00
941	2019/12/24	1,616.00	0.37	1,698.00	1,550.00	1,550.00	11,942	18,728,589.00
942	2019/12/23	1,610.00	1.19	1,673.00	1,560.00	1,563.00	2,072	3,348,854.00
943	2019/12/22	1,591.00	-1.91	1,599.00	1,562.00	1,591.00	2,248	3,537,944.00
944	2019/12/19	1,622.00	-0.37	1,660.00	1,582.00	1,660.00	2,208	3,539,018.00
945	2019/12/18	1,628.00	2.01	1,699.00	1,566.00	1,618.00	6,936	11,281,202.00
946	2019/12/17	1,596.00	3.91	1,687.00	1,512.00	1,560.00	6,126	9,518,525.00
947	2019/12/16	1,536.00	-0.9	1,580.00	1,522.00	1,580.00	2,500	3,833,300.00
948	2019/12/15	1,531.00	2.75	1,607.00	1,518.00	1,518.00	1,417	6,412,616.00
949	2019/12/12	1,490.00	-4.61	1,592.00	1,490.00	1,570.00	3,249	4,869,310.00
950	2019/12/11	1,562.00	7.72	1,562.00	1,471.00	1,471.00	5,950	8,929,985.00
951	2019/12/10	1,450.00	6.62	1,454.00	1,360.00	1,380.00	3,151	4,478,679.00
952	2019/12/09	1,360.00	4.86	1,426.00	1,312.00	1,314.00	2,559	3,488,282.00
953	2019/12/08	1,297.00	2.69	1,297.00	1,238.00	1,238.00	1,605	2,044,210.00
954	2019/12/05	1,263.00	5.16	1,288.00	1,200.00	1,200.00	4,426	5,405,405.00
955	2019/12/04	1,201.00	1.09	1,220.00	1,165.00	1,165.00	934	1,109,240.00
956	2019/12/03	1,188.00	-5.41	1,236.00	1,188.00	1,236.00	440	529,790.00
957	2019/12/02	1,256.00	4.41	1,256.00	1,159.00	1,201.00	7,589	8,887,213.00
958	2019/12/01	1,203.00	-3.91	1,230.00	1,203.00	1,230.00	1,340	1,618,262.00
959	2019/11/28	1,252.00	-5.94	1,357.00	1,250.00	1,357.00	683	866,738.00
960	2019/11/27	1,331.00	-6.92	1,402.00	1,295.00	1,402.00	852	1,122,924.00
961	2019/11/26	1,430.00	6	1,430.00	1,375.00	1,375.00	30	42,070.00
962	2019/11/25	1,349.00	-1.17	1,392.00	1,265.00	1,392.00	1,776	2,311,569.00
963	2019/11/24	1,365.00	-9.96	1,607.00	1,365.00	1,546.00	4,851	6,983,360.00
964	2019/11/21	1,516.00	9.93	1,516.00	1,406.00	1,406.00	7,993	12,042,967.00
965	2019/11/20	1,379.00	9.97	1,379.00	1,279.00	1,279.00	659	906,291.00
966	2019/11/19	1,254.00	10	1,254.00	1,162.00	1,162.00	348	434,102.00
967	2019/11/18	1,140.00	9.93	1,140.00	1,057.00	1,057.00	150	168,940.00
968	2019/11/17	1,037.00	9.97	1,037.00	961.00	961.00	50	49,950.00
969	2019/11/14	943.00	9.91	943.00	875.00	858.00	50	45,460.00
970	2019/11/13	858.00	7.92	858.00	810.00	810.00	24,357	20,508,274.00
971	2019/11/07	795.00	9.96	795.00	737.00	723.00	3,285	2,610,125.00
972	2019/11/06	723.00	9.88	723.00	671.00	658.00	50	34,850.00
973	2019/11/06	658.00	0	658.00	658.00	658.00	40,000	34,850.00
974	2019/09/23	658.00	4.94	658.00	658.00	658.00	10	6,580.00
975	2019/09/16	627.00	3.98	627.00	615.00	615.00	20	12,420.00
976	2019/08/26	603.00	4.87	603.00	603.00	603.00	10	6,030.00
977	2019/08/11	575.00	9.11	575.00	553.00	553.00	229	131,345.00
978	2019/08/07	527.00	6.9	527.00	517.00	517.00	20	10,440.00
979	2019/07/31	493.00	1.86	493.00	493.00	493.00	10	4,930.00
980	2019/07/15	484.00	0	484.00	484.00	484.00	8,000	3,872,000.00
981	2019/07/08	484.00	0	484.00	484.00	484.00	62,000	30,008,000.00
982	2019/07/07	484.00	0	484.00	484.00	493.00	2	986.00
983	2019/07/04	484.00	0	484.00	484.00	493.00	8	3,944.00
984	2019/06/12	484.00	10	484.00	462.00	462.00	3,010	1,439,620.00
985	2019/05/06	440.00	9.78	440.00	420.00	420.00	1,403	601,384.00
986	2019/01/30	501.00	4.81	501.00	501.00	501.00	10	5,010.00
987	2019/01/08	456.00	4.83	456.00	456.00	456.00	10	4,560.00
988	2019/01/02	435.00	4.82	435.00	435.00	435.00	10	4,350.00
989	2018/09/30	378.00	3.85	378.00	371.00	371.00	148	55,874.00
990	2018/09/23	364.00	8.98	364.00	350.00	350.00	496	180,334.00
991	2018/09/17	334.00	4.7	334.00	334.00	334.00	10	3,340.00
992	2018/09/06	319.00	4.93	319.00	319.00	319.00	10	3,190.00
993	2018/08/21	304.00	4.83	304.00	304.00	304.00	10	3,040.00
994	2018/08/12	290.00	3.57	290.00	285.00	285.00	190	55,050.00
995	2018/08/09	280.00	3.7	280.00	275.00	275.00	1,778	497,790.00
996	2018/08/06	270.00	3.85	270.00	265.00	265.00	201	54,215.00
997	2018/07/16	260.00	4	260.00	255.00	255.00	1,913	497,330.00
998	2018/05/27	250.00	1.63	250.00	250.00	250.00	10	2,500.00
1001	2018/02/12	308.00	10	308.00	285.00	285.00	1,806	538,562.00
1002	2018/02/04	280.00	5.66	280.00	270.00	270.00	71	19,675.00
1003	2017/12/13	270.00	0	0.00	0.00	0.00	100	27,000.00
1004	2017/11/26	265.00	3.92	265.00	260.00	255.00	43	11,345.00
1005	2017/11/15	260.00	0	0.00	0.00	0.00	1	260.00
1006	2017/11/06	255.00	3.66	255.00	250.00	246.00	1,468	374,290.00
1007	2017/07/25	246.00	3.36	246.00	242.00	242.00	1,499	368,714.00
1008	2017/05/11	286.00	3.62	286.00	281.00	281.00	318	90,898.00
1009	2017/04/25	276.00	5.75	276.00	266.00	266.00	562	153,622.00
1010	2017/04/03	261.00	3.98	261.00	256.00	256.00	160	41,710.00
1011	2017/01/19	239.00	3.46	239.00	235.00	235.00	111	26,485.00
1012	2016/12/21	231.00	3.59	231.00	227.00	227.00	37	8,507.00
1013	2016/11/21	223.00	3.72	223.00	219.00	219.00	1,195	266,445.00
1014	2016/06/28	215.00	4.88	215.00	215.00	205.00	450	96,750.00
1015	2015/09/29	236.00	3.51	236.00	232.00	232.00	4,305	1,000,736.00
1016	2015/09/03	228.00	1.79	228.00	228.00	228.00	3,654	833,112.00
1017	2015/07/22	224.00	1.82	224.00	224.00	224.00	14,553	3,259,872.00
1018	2015/05/25	220.00	4.76	220.00	220.00	220.00	5,451	1,199,220.00
1019	2015/04/23	210.00	-1.87	210.00	210.00	214.00	21,279	4,468,590.00
1020	2015/03/04	235.00	4.91	235.00	235.00	235.00	1,420	333,700.00
1021	2015/03/02	224.00	5.66	224.00	216.00	212.00	220	49,160.00
1022	2014/11/20	208.00	1.96	208.00	208.00	204.00	663	137,904.00