#	Date	LTP	% Change	High	Low	Open	Qty.	Turnover
1	2024/03/12	554.00	3.17	557.00	541.00	541.00	673,706	371,933,786.00
2	2024/03/10	537.00	2.87	539.90	522.00	523.00	430,113	229,325,643.10
3	2024/03/07	522.00	1.71	524.00	515.10	517.40	315,968	164,122,862.50
4	2024/03/06	513.20	2.23	524.10	492.00	505.00	542,413	278,485,185.20
5	2024/03/05	502.00	-1.57	519.00	490.00	510.00	487,882	246,504,961.40
6	2024/03/04	510.00	8.05	515.00	481.40	481.40	54,630	27,605,324.20
7	2024/03/03	472.00	0.85	483.00	462.00	462.00	190,401	90,387,359.80
8	2024/02/29	468.00	-3.13	487.60	468.00	483.00	109,459	52,112,870.90
9	2024/02/28	483.10	-0.41	493.00	479.00	488.00	137,468	66,786,947.10
10	2024/02/27	485.10	2.17	492.00	465.40	470.00	172,479	82,982,668.30
11	2024/02/26	474.80	2.35	477.00	459.00	462.00	142,967	66,767,528.40
12	2024/02/25	463.90	-0.69	471.00	460.00	467.10	64,995	30,297,171.40
13	2024/02/22	467.10	-0.19	474.80	465.00	468.00	76,949	36,095,414.70
14	2024/02/21	468.00	0.62	474.30	466.00	470.00	35,750	16,789,250.70
15	2024/02/20	465.10	-0.62	476.90	465.10	471.00	66,027	31,092,116.40
16	2024/02/18	468.00	-2.5	483.00	467.60	480.00	72,060	34,084,717.50
17	2024/02/15	480.00	-1.28	494.00	478.00	494.00	85,335	41,227,766.30
18	2024/02/14	486.20	0.06	496.20	482.00	490.00	85,653	41,853,795.90
19	2024/02/13	485.90	-3.21	503.00	484.20	503.00	154,713	75,827,802.90
20	2024/02/12	502.00	0.8	507.00	495.00	500.00	87,777	44,009,658.80
21	2024/02/11	498.00	-1.01	510.00	497.00	504.00	117,120	58,718,510.10
22	2024/02/08	503.10	-0.18	506.70	500.00	505.00	90,970	45,703,090.80
23	2024/02/07	504.00	-0.4	509.50	500.00	506.00	83,273	41,891,936.10
24	2024/02/06	506.00	0.6	510.00	493.00	493.00	78,417	39,513,590.50
25	2024/02/05	503.00	-0.2	511.00	500.00	505.00	92,767	46,772,320.70
26	2024/02/04	504.00	-0.59	515.00	499.00	508.00	117,394	59,318,037.40
27	2024/02/01	507.00	-0.29	515.00	501.00	513.90	122,995	62,191,388.00
28	2024/01/31	508.50	-1.64	522.00	507.00	520.00	150,850	77,411,437.90
29	2024/01/30	517.00	2.23	521.70	507.20	515.70	136,869	70,638,440.10
30	2024/01/29	505.70	1.14	511.90	502.00	505.00	139,950	70,826,768.50
31	2024/01/28	500.00	-0.4	511.80	500.00	511.80	108,258	54,364,991.90
32	2024/01/25	502.00	0.1	510.00	498.00	502.10	98,558	49,485,374.10
33	2024/01/24	501.50	-0.3	515.00	498.90	505.00	84,746	42,745,658.90
34	2024/01/23	503.00	0.2	513.00	498.00	503.00	126,014	65,903,779.90
35	2024/01/22	502.00	-1.95	520.00	501.00	520.00	124,761	63,566,429.30
36	2024/01/21	512.00	-1.73	528.00	512.00	522.00	164,810	85,429,532.00
37	2024/01/18	521.00	-1.48	535.00	520.30	521.00	131,790	69,184,119.50
38	2024/01/17	528.80	-2.97	552.00	528.10	550.00	192,339	103,933,197.60
39	2024/01/16	545.00	3.81	556.00	523.00	525.00	275,548	149,715,230.10
40	2024/01/14	525.00	1.33	531.90	515.40	522.00	107,204	55,921,767.60
41	2024/01/11	518.10	-0.75	528.50	518.00	524.00	111,543	58,059,740.80
42	2024/01/10	520.50	0.87	532.00	520.00	525.00	221,122	116,227,597.30
43	2024/01/09	516.00	-1.53	530.00	514.10	530.00	133,967	69,605,636.40
44	2024/01/08	524.00	1.93	528.00	512.10	516.10	156,894	81,931,918.30
45	2024/01/07	514.10	-3.56	543.70	514.00	543.70	218,900	114,268,856.10
46	2024/01/04	533.10	3.06	543.00	527.60	527.60	362,153	194,826,688.20
47	2024/01/03	591.00	2.71	592.00	571.00	580.00	400,681	233,554,112.20
48	2024/01/02	575.00	-0.69	585.00	569.60	579.00	279,648	161,107,956.30
49	2024/01/01	579.00	1.22	592.00	575.00	583.40	345,218	201,373,662.50
50	2023/12/28	572.00	1.23	579.00	562.00	572.90	237,782	135,637,872.20
51	2023/12/27	563.00	-1.23	590.50	555.00	581.40	330,446	186,602,229.90
52	2023/12/24	570.00	-3.39	612.00	569.00	590.00	519,276	304,328,066.20
53	2023/12/21	590.00	-3.75	622.00	589.00	613.00	508,650	306,860,802.80
54	2023/12/20	613.00	3.2	638.00	605.80	605.80	599,890	373,497,268.70
55	2023/12/19	594.00	10	594.00	549.00	549.80	648,095	374,348,202.50
56	2023/12/18	540.00	2.27	550.80	531.00	535.00	310,664	168,396,597.30
57	2023/12/17	528.00	0.38	536.00	505.50	526.00	266,653	140,527,915.50
58	2023/12/14	526.00	0.77	530.00	514.00	522.00	174,340	91,219,758.20
59	2023/12/13	522.00	-1.32	542.90	520.00	530.00	239,241	126,638,739.30
60	2023/12/12	529.00	8.85	529.80	487.20	487.50	352,204	180,711,488.50
61	2023/12/11	486.00	-1.62	503.80	484.10	500.00	279,089	137,317,261.70
62	2023/12/10	494.00	6.93	499.90	471.20	471.20	28,542	14,041,798.50
63	2023/12/07	462.00	1.76	470.90	454.00	463.00	99,029	45,811,117.40
64	2023/12/06	454.00	-0.44	464.80	446.90	446.90	43,878	20,017,020.10
65	2023/12/05	456.00	-2.52	478.00	456.00	469.00	90,717	41,907,168.60
66	2023/12/04	467.80	-0.89	491.00	464.10	481.40	93,162	43,989,706.00
67	2023/12/03	472.00	-1.67	488.00	472.00	488.00	44,135	21,063,905.10
68	2023/11/30	480.00	-1.03	488.80	478.00	483.00	48,107	23,200,038.30
69	2023/11/29	485.00	-1.74	500.00	485.00	493.60	30,299	14,905,223.80
70	2023/11/28	493.60	1.15	501.50	488.00	497.00	62,393	30,818,284.30
71	2023/11/27	488.00	-0.81	507.80	483.20	492.00	104,107	51,661,269.90
72	2023/11/26	492.00	2.5	495.00	470.40	470.40	70,511	34,595,360.50
73	2023/11/23	480.00	1.91	486.00	463.00	479.90	43,230	20,686,939.10
74	2023/11/22	471.00	2.39	474.00	456.00	460.00	37,691	17,642,923.30
75	2023/11/21	460.00	-3.56	486.00	457.10	486.00	79,926	37,058,255.20
76	2023/11/20	477.00	-3.83	506.00	477.00	491.00	64,869	31,597,494.90
77	2023/11/09	496.00	-1.59	512.00	496.00	512.00	32,513	16,214,705.60
78	2023/11/08	504.00	1	509.00	495.90	503.00	46,720	23,579,294.30
79	2023/11/07	499.00	0.4	506.00	496.00	506.00	32,304	16,154,315.70
80	2023/11/06	497.00	1.02	508.90	494.00	500.60	45,066	22,563,468.70
81	2023/11/05	492.00	-0.81	495.50	485.60	495.10	32,687	16,020,589.70
82	2023/11/02	496.00	-0.6	507.00	495.00	499.00	23,025	11,453,505.10
83	2023/11/01	499.00	-0.1	505.00	497.40	500.10	17,560	8,769,095.50
84	2023/10/31	499.50	-1.28	509.70	499.00	506.00	26,017	13,028,089.90
85	2023/10/30	506.00	0.62	508.60	495.00	508.50	15,389	7,730,476.90
86	2023/10/29	502.90	-0.81	515.00	491.00	508.00	33,678	16,758,549.40
87	2023/10/19	507.00	-1.59	516.90	505.00	515.00	41,339	21,080,874.20
88	2023/10/18	515.20	2.43	518.00	507.00	513.00	44,175	22,736,703.60
89	2023/10/17	503.00	0.78	519.00	503.00	509.00	41,320	20,995,276.50
90	2023/10/16	499.10	-1.75	511.00	495.00	511.00	53,722	26,827,570.60
91	2023/10/12	508.00	-0.97	524.00	506.30	522.00	72,925	37,306,369.30
92	2023/10/11	513.00	0.1	520.00	510.00	515.00	49,156	25,307,789.50
93	2023/10/10	512.50	-0.87	525.00	510.00	525.00	51,376	26,388,820.10
94	2023/10/09	517.00	-0.56	527.80	516.00	520.00	53,919	28,132,755.00
95	2023/10/08	519.90	-2.84	540.00	517.00	533.00	128,691	67,381,569.50
96	2023/10/05	535.10	-0.72	546.00	531.00	541.00	42,389	22,704,140.80
97	2023/10/04	539.00	1.51	546.00	537.10	540.00	63,296	34,186,255.30
98	2023/10/03	531.00	-1.37	548.00	530.10	548.00	68,738	36,821,615.80
99	2023/10/02	538.40	0.6	549.00	531.00	537.00	69,281	37,366,278.90
100	2023/10/01	535.20	-2.16	549.00	535.00	540.00	84,451	45,653,046.20
101	2023/05/11	400.10	-0.47	408.00	400.00	408.00	44,960	18,037,752.50
102	2023/05/10	402.00	0.5	408.00	398.20	408.00	81,943	32,871,241.30
103	2023/05/09	400.00	0.5	407.00	398.00	400.00	111,173	44,665,633.30
104	2023/05/08	398.00	-0.5	403.00	396.00	400.10	94,826	37,821,282.00
105	2023/05/07	400.00	-1.21	404.90	398.00	404.90	80,465	32,237,607.50
106	2023/05/04	404.90	1.48	406.90	397.00	405.00	55,031	22,155,054.90
107	2023/05/03	399.00	-1.46	410.00	398.00	410.00	76,230	30,503,498.30
108	2023/05/02	404.90	-0.02	410.00	403.30	410.00	53,128	21,549,536.60
109	2023/09/27	547.00	-1.62	565.00	542.00	565.00	105,421	57,968,861.80
110	2023/09/26	556.00	3.15	561.00	546.00	546.00	125,867	69,814,900.10
111	2023/09/25	539.00	-0.92	552.90	538.20	544.00	64,268	34,962,363.80
112	2023/09/24	544.00	-0.73	562.00	540.00	540.20	165,991	91,296,434.90
113	2023/09/21	548.00	6.2	559.00	517.00	526.00	194,065	105,279,601.20
114	2023/09/19	516.00	1.38	518.90	506.10	510.20	49,080	25,167,736.80
115	2023/09/18	509.00	0	514.90	501.40	511.00	42,716	21,708,741.50
116	2023/09/17	509.00	-2.84	530.00	505.10	530.00	126,571	64,946,688.60
117	2023/09/13	523.90	4.78	524.80	504.10	509.00	110,357	57,226,771.20
118	2023/09/12	500.00	-2.34	521.90	496.00	517.90	124,956	63,510,455.00
119	2023/09/11	512.00	4.75	514.00	481.00	481.00	98,232	49,714,893.20
120	2023/09/10	488.80	0.78	496.00	487.60	490.00	82,340	40,490,408.00
121	2023/09/07	485.00	-2.41	503.00	483.40	493.70	77,324	37,781,720.10
122	2023/09/05	497.00	-1.19	507.00	496.00	507.00	36,282	18,133,269.50
123	2023/09/04	503.00	1	509.90	490.00	503.00	84,031	41,959,034.20
124	2023/09/03	498.00	-1.97	512.90	497.00	508.00	57,536	28,923,034.10
125	2023/08/30	508.00	-0.39	518.00	506.50	510.00	51,987	26,492,571.90
126	2023/08/29	510.00	0.2	517.90	508.20	512.00	46,666	23,881,298.10
127	2023/08/28	509.00	0.37	516.90	505.00	505.00	47,786	24,443,173.50
128	2023/08/27	507.90	-1.95	517.00	507.00	516.00	66,581	34,486,196.60
129	2023/08/24	518.00	-3	539.40	517.00	534.00	97,887	51,620,315.10
130	2023/08/23	534.00	2.5	537.00	522.00	529.00	76,289	40,428,784.60
131	2023/08/22	521.00	2.54	524.00	505.10	507.00	89,902	46,285,480.40
132	2023/08/21	508.10	-2.85	524.00	504.70	517.00	156,171	80,247,234.80
133	2023/08/20	523.00	-2.43	542.00	521.50	542.00	67,506	35,650,432.90
134	2023/08/17	536.00	0.75	545.00	521.40	521.40	82,116	44,216,875.80
135	2023/08/16	532.00	-2.8	547.80	530.00	536.40	133,233	71,470,499.30
136	2023/08/15	547.30	-5.15	568.90	547.00	565.50	325,235	180,589,627.40
137	2023/08/14	577.00	-2.2	598.00	577.00	590.00	101,197	59,239,272.70
138	2023/08/13	590.00	-1.02	603.80	588.00	597.00	107,632	64,078,334.80
139	2023/08/10	596.10	1.03	610.00	587.00	590.10	165,866	99,362,309.50
140	2023/08/09	590.00	3.49	593.00	561.50	569.10	148,021	84,794,957.10
141	2023/08/08	570.10	-2.75	592.90	570.00	586.20	117,615	67,832,864.00
142	2023/08/07	586.20	0.03	599.70	576.00	588.00	107,704	63,369,993.90
143	2023/08/06	586.00	-3.09	605.20	583.20	605.20	167,474	98,807,683.50
144	2023/08/03	604.70	1.46	612.80	595.00	607.90	152,707	92,368,545.00
145	2023/08/02	596.00	1.36	596.70	575.00	585.10	191,837	111,903,519.50
146	2023/08/01	588.00	-2.65	614.90	587.10	614.00	118,536	70,921,727.50
147	2023/07/31	604.00	0.33	618.00	600.00	605.00	132,738	80,886,605.20
148	2023/07/30	602.00	-2.11	619.00	595.00	615.00	244,941	147,874,349.40
149	2023/07/27	615.00	-1.54	632.90	614.20	632.90	170,385	105,759,966.00
150	2023/07/26	624.60	0.58	636.90	621.00	625.00	151,293	94,924,393.50
151	2023/07/25	621.00	-2.05	640.00	621.00	621.40	165,810	103,957,786.30
152	2023/07/24	634.00	-1.72	650.00	632.00	645.00	209,800	133,920,283.00
153	2023/07/23	645.10	1.59	658.90	633.10	640.00	229,523	148,159,037.80
154	2023/07/20	635.00	-1.09	649.90	630.10	642.00	223,414	142,317,087.50
155	2023/07/19	642.00	-1.4	659.90	640.00	651.10	214,013	138,876,305.80
156	2023/07/18	651.10	-1.65	675.00	650.10	675.00	273,401	179,861,304.90
157	2023/07/17	662.00	1.61	665.90	644.00	652.00	226,815	148,619,455.10
158	2023/07/16	651.50	-0.11	668.00	647.10	655.00	292,584	191,311,372.90
159	2023/07/13	652.20	-1.18	680.00	649.80	673.20	357,310	237,593,348.60
160	2023/07/12	660.00	5.52	662.00	618.00	630.00	518,604	339,351,101.80
161	2023/07/11	625.50	1.05	634.00	616.00	620.00	200,603	125,439,409.60
162	2023/07/10	619.00	0.16	633.00	615.30	620.00	248,575	155,153,618.10
163	2023/07/09	618.00	3.52	618.90	605.00	608.90	266,634	163,651,143.30
164	2023/07/06	597.00	1.7	609.00	578.00	588.00	313,343	185,642,121.40
165	2023/07/05	587.00	-3.45	618.00	585.00	618.00	276,320	164,912,596.50
166	2023/07/04	608.00	1	614.00	600.10	614.00	184,133	111,692,130.80
167	2023/07/03	602.00	-0.82	620.00	594.90	594.90	299,010	181,802,018.80
168	2023/07/02	607.00	-0.49	640.00	595.00	610.00	448,603	275,596,427.80
169	2023/06/28	610.00	-2.56	627.00	608.00	627.00	458,309	282,267,559.70
170	2023/06/27	626.00	0.64	634.00	619.00	625.00	361,884	226,345,218.30
171	2023/06/26	622.00	2.66	642.50	615.00	618.00	667,729	420,599,585.60
172	2023/06/25	605.90	9.98	605.90	547.00	554.00	844,474	499,073,920.10
173	2023/06/22	550.90	0.99	555.10	538.40	548.00	269,498	147,542,183.90
174	2023/06/21	545.50	-0.66	562.00	534.00	559.80	423,198	230,641,327.10
175	2023/06/20	549.10	-2.56	575.00	542.00	552.30	349,572	194,427,321.10
176	2023/06/19	563.50	-3.68	590.00	560.60	574.10	523,626	298,213,574.80
177	2023/06/18	585.00	8.61	588.00	532.50	538.00	649,605	366,499,158.90
178	2023/06/15	538.60	2.59	540.00	515.10	525.10	338,457	179,346,015.50
179	2023/06/14	525.00	3.65	540.00	506.70	516.60	534,456	281,708,842.40
180	2023/06/13	506.50	8.23	513.80	458.80	458.80	557,388	276,687,250.70
181	2023/06/12	468.00	-1.06	480.00	467.00	480.00	144,771	68,425,343.60
182	2023/06/11	473.00	3.28	477.30	461.00	465.00	230,870	108,775,515.00
183	2023/06/08	458.00	-2.74	472.00	456.70	468.00	187,029	87,012,929.30
184	2023/06/07	470.90	-0.02	480.00	468.30	476.90	189,742	89,721,491.30
185	2023/06/06	471.00	1.29	482.00	463.00	472.00	194,196	91,796,278.50
186	2023/06/05	465.00	-4.5	494.70	464.00	493.00	414,616	198,956,353.00
187	2023/06/04	486.90	6.31	489.00	465.00	467.10	330,543	158,154,238.60
188	2023/06/01	458.00	1.33	466.00	445.00	452.00	245,941	112,502,120.20
189	2023/05/31	452.00	-2.16	469.00	445.90	455.00	256,613	116,536,193.20
190	2023/05/30	462.00	-1.32	472.00	451.10	470.00	461,597	212,481,943.40
191	2023/05/28	468.20	0.47	486.00	461.50	470.00	459,239	217,994,903.30
192	2023/05/24	466.00	6.76	469.20	430.30	441.00	326,034	146,491,074.50
193	2023/05/23	436.50	4.85	437.50	416.00	423.90	233,609	100,515,439.40
194	2023/05/22	416.30	1.78	423.00	407.60	411.00	177,579	73,498,494.60
195	2023/05/21	409.00	-1.09	421.80	408.70	417.90	149,129	61,765,480.60
196	2023/05/18	413.50	2.48	416.50	395.50	395.50	173,202	71,110,480.20
197	2023/05/17	403.50	0.65	404.30	399.90	402.90	136,110	54,658,685.60
198	2023/05/16	400.90	0.75	405.00	391.00	391.00	72,231	28,892,790.50
199	2023/05/15	397.90	1.22	402.00	390.40	393.10	55,262	21,928,243.80
200	2023/05/14	393.10	-1.75	401.50	390.90	400.00	91,406	36,071,590.30
201	2023/04/30	405.00	-2.64	419.80	404.00	410.30	104,061	42,510,825.00
202	2023/04/27	416.00	0.19	423.10	412.00	419.90	72,103	30,137,463.70
203	2023/04/26	415.20	-1.73	434.80	415.00	420.50	164,930	70,160,457.30
204	2023/04/25	422.50	4.06	425.00	405.00	408.00	168,022	70,091,557.10
205	2023/04/24	406.00	2.53	408.50	395.10	403.00	74,310	29,960,779.80
206	2023/04/23	396.00	0.51	400.00	395.00	400.00	72,984	28,903,072.90
207	2023/04/20	394.00	-1.25	403.70	394.00	401.10	72,353	28,683,352.50
208	2023/04/19	399.00	1.14	402.00	394.00	399.90	80,110	31,785,769.40
209	2023/04/18	394.50	-1.37	402.00	394.00	396.00	100,827	39,883,245.00
210	2023/04/17	400.00	-1.72	408.00	397.20	405.00	108,048	43,336,500.00
211	2023/04/16	407.00	0.49	413.00	404.00	405.00	77,843	31,720,707.90
212	2023/04/13	405.00	-1.94	429.00	404.00	420.90	204,837	84,286,054.20
213	2023/04/12	413.00	3.25	414.00	400.00	407.00	285,826	117,135,342.50
214	2023/04/11	400.00	2.04	401.00	390.00	397.00	180,522	71,093,589.10
215	2023/04/10	392.00	-0.51	402.80	389.80	395.00	173,577	68,418,643.30
216	2023/04/09	394.00	-2.72	410.00	394.00	410.00	144,606	57,837,853.80
217	2023/04/06	405.00	-0.98	419.90	404.00	416.00	120,558	49,200,679.60
218	2023/04/05	409.00	-0.24	415.00	408.00	413.00	156,705	64,337,865.40
219	2023/04/04	410.00	-0.97	419.00	410.00	415.20	81,397	33,654,246.00
220	2023/04/03	414.00	-0.48	424.00	411.00	424.00	49,395	20,482,541.70
221	2023/04/02	416.00	0.24	425.00	414.00	415.00	107,789	45,139,712.30
222	2023/03/30	415.00	-1.91	430.00	414.60	430.00	118,688	50,058,199.20
223	2023/03/29	423.10	-1.38	428.00	422.00	426.00	59,497	25,259,174.50
224	2023/03/28	429.00	0.26	440.00	425.00	432.00	113,870	49,236,899.70
225	2023/03/27	427.90	3.61	429.80	409.00	413.00	89,989	37,780,825.70
226	2023/03/26	413.00	0.36	419.00	408.20	411.50	59,434	24,520,869.30
227	2023/03/23	411.50	-2.26	421.00	411.00	421.00	89,669	37,139,632.30
228	2023/03/22	421.00	-1.41	435.50	421.00	435.50	83,469	35,527,464.70
229	2023/03/20	427.00	0.47	433.00	424.00	430.00	96,793	41,377,502.20
230	2023/03/19	425.00	-1.09	433.00	425.00	431.20	94,697	40,509,851.70
231	2023/03/16	429.70	-0.76	438.90	428.00	438.90	54,121	23,374,388.50
232	2023/03/15	433.00	-2.46	450.00	432.00	450.00	91,823	40,131,460.30
233	2023/03/14	443.90	0.89	448.00	436.10	447.00	71,407	31,646,021.10
234	2023/03/13	440.00	-2.07	450.00	434.00	450.00	129,332	56,894,412.00
235	2023/03/12	449.30	-1.25	464.00	449.00	460.00	181,234	82,158,943.50
236	2023/03/09	455.00	1.11	467.00	450.00	459.00	173,464	78,588,317.50
237	2023/03/07	450.00	0	465.00	448.10	453.00	68,498	31,106,739.90
238	2023/03/05	450.00	-3.23	474.00	449.90	464.00	120,136	54,819,565.70
239	2023/03/02	465.00	-2.31	480.00	461.00	466.50	129,486	60,305,263.60
240	2023/03/01	476.00	-2.78	499.00	474.00	499.00	174,280	84,080,648.50
241	2023/02/28	489.60	-2.1	509.80	489.00	500.00	131,804	65,069,989.80
242	2023/02/27	500.10	-1.5	515.00	497.00	512.50	72,372	36,348,975.40
243	2023/02/26	507.70	0.18	511.90	491.00	502.00	63,815	32,079,042.00
244	2023/02/23	506.80	-1.97	514.00	505.00	510.00	41,085	20,872,356.90
245	2023/02/22	517.00	1.87	520.00	510.00	513.70	46,682	24,029,558.60
246	2023/02/20	507.50	-0.96	516.00	507.00	512.00	65,272	33,283,087.10
247	2023/02/16	512.40	-0.5	522.90	511.10	522.90	52,366	26,912,020.40
248	2023/02/15	515.00	-0.77	525.00	509.00	509.00	33,297	17,247,952.70
249	2023/02/14	519.00	-0.95	529.00	517.10	525.00	43,725	22,790,462.80
250	2023/02/12	524.00	-5.42	544.00	522.50	544.00	102,690	54,563,037.20
251	2023/02/09	554.00	2.59	555.00	534.00	538.00	68,489	37,361,498.80
252	2023/02/08	540.00	-1.04	556.00	538.10	556.00	138,866	76,143,825.50
253	2023/02/07	545.70	6.17	550.00	516.00	516.00	119,866	64,191,477.90
254	2023/02/06	514.00	0.59	517.00	510.10	517.00	42,478	21,765,672.60
255	2023/02/05	511.00	0.39	521.00	506.00	514.80	67,781	34,838,848.00
256	2023/02/02	509.00	-1.26	520.00	507.00	520.00	66,359	33,944,721.05
257	2023/02/01	515.50	-0.19	519.80	513.00	517.00	57,385	29,573,720.70
258	2023/01/31	516.50	0.1	522.00	510.20	520.00	75,310	38,913,796.00
259	2023/01/30	516.00	-1.71	529.00	515.00	523.10	87,312	45,490,468.50
260	2023/01/29	525.00	-0.38	534.00	521.00	525.00	94,868	50,154,909.60
261	2023/01/26	527.00	-0.17	540.00	527.00	530.00	64,830	34,447,559.20
262	2023/01/25	527.90	1.15	537.50	521.00	532.30	126,636	67,030,415.80
263	2023/01/24	521.90	0.33	530.00	511.00	530.00	139,138	72,199,201.40
264	2023/01/23	520.20	-4.73	555.00	515.00	546.00	187,494	99,725,385.08
265	2023/01/19	546.00	-1.8	562.90	545.00	556.00	116,196	64,217,093.80
266	2023/01/18	556.00	-2.63	582.40	555.20	582.40	141,882	80,272,267.90
267	2023/01/17	571.00	0.88	576.90	555.20	561.00	136,927	77,842,157.20
268	2023/01/12	566.00	-4.07	609.00	563.00	589.90	383,357	222,012,131.30
269	2023/01/10	590.00	0.85	622.00	580.00	595.00	273,589	163,429,490.20
270	2023/01/09	585.00	1.7	595.00	576.00	586.70	221,603	130,140,952.10
271	2023/01/08	575.20	3.62	600.00	552.00	555.00	342,178	196,863,959.80
272	2023/01/05	555.10	-2.44	578.00	550.00	577.00	172,577	97,106,916.10
273	2023/01/04	569.00	1.25	576.00	554.10	562.00	144,752	82,192,256.10
274	2023/01/03	562.00	0.9	572.00	551.10	559.90	169,743	94,912,814.90
275	2023/01/02	557.00	1.27	560.00	542.00	550.00	62,782	34,748,478.60
276	2023/01/01	550.00	-0.54	572.00	544.00	564.00	158,261	88,395,768.70
277	2022/12/29	553.00	5.13	555.90	521.00	521.00	113,778	61,636,632.50
278	2022/12/28	526.00	-1.31	538.50	522.60	533.00	89,609	47,486,400.90
279	2022/12/27	533.00	2.5	545.00	528.00	530.00	156,839	84,080,986.10
280	2022/12/26	520.00	5.99	520.10	498.00	500.00	90,792	46,439,245.80
281	2022/12/22	490.60	-2.48	505.00	490.00	505.00	80,916	39,995,485.00
282	2022/12/21	503.10	-2.88	518.00	501.80	512.59	75,950	38,576,996.00
283	2022/12/20	518.00	0	525.00	512.00	518.00	52,735	27,352,349.30
284	2022/12/19	518.00	0.86	523.10	510.00	513.00	27,393	14,193,226.80
285	2022/12/18	513.60	-1.23	530.40	509.60	530.40	65,694	33,887,715.90
286	2022/12/15	520.00	-4.76	536.00	516.00	536.00	177,795	93,149,375.40
287	2022/12/14	546.00	0	552.00	543.00	547.00	40,012	21,915,561.40
288	2022/12/13	546.00	-1.43	554.00	542.00	554.00	50,514	27,714,902.00
289	2022/12/12	553.90	4.65	553.90	529.00	532.20	115,751	62,177,415.30
290	2022/12/11	529.30	-4.08	559.00	529.00	552.00	203,620	109,367,926.10
291	2022/12/07	551.80	-4.86	586.00	550.00	586.00	245,607	138,554,314.90
292	2022/12/06	580.00	-0.84	594.00	579.00	590.00	139,503	81,234,799.80
293	2022/12/05	584.90	-4.71	610.50	580.00	609.00	340,358	202,346,662.40
294	2022/12/04	613.80	0.29	618.00	609.00	614.10	80,102	49,070,439.20
295	2022/12/01	612.00	0.49	615.00	608.10	614.90	59,005	36,068,347.70
296	2022/11/30	609.00	-0.16	619.00	608.00	619.00	49,179	30,009,631.00
297	2022/11/29	610.00	0	615.00	608.00	611.00	69,096	42,204,935.10
298	2022/11/28	610.00	-0.49	623.00	609.00	617.90	100,316	61,662,748.70
299	2022/11/27	613.00	0.66	619.00	607.00	619.00	133,559	81,801,425.20
300	2022/11/24	609.00	1.52	615.00	598.00	602.00	36,372	22,038,454.60
301	2022/11/23	599.90	-1.48	612.90	598.50	612.90	100,614	60,641,821.80
302	2022/11/22	608.90	-1.31	629.00	607.00	625.90	137,266	84,363,188.00
303	2022/11/17	617.00	1.15	624.50	610.00	620.00	217,938	134,027,288.80
304	2022/11/16	610.00	0.02	625.00	610.00	610.00	61,523	37,858,523.40
305	2022/11/15	609.90	-0.99	628.30	609.00	622.00	72,953	645,759.00
306	2022/11/15	609.90	-0.99	628.30	609.00	622.00	72,953	44,197,937.10
307	2022/11/14	616.00	1	625.00	608.00	622.00	179,540	1,752,480.00
308	2022/11/13	609.90	-1.88	621.60	608.00	621.60	169,876	12,198.00
309	2022/11/13	609.90	-1.88	621.60	608.00	621.60	169,876	12,198.00
310	2022/11/13	609.90	-1.88	621.60	608.00	621.60	169,876	61,000.00
311	2022/11/13	609.90	-1.88	621.60	608.00	621.60	169,876	244,000.00
312	2022/11/13	609.90	-1.88	621.60	608.00	621.60	169,876	61,000.00
313	2022/11/13	609.90	-1.88	621.60	608.00	621.60	169,876	30,500.00
314	2022/11/13	609.90	-1.88	621.60	608.00	621.60	169,876	73,200.00
315	2022/11/13	609.90	-1.88	621.60	608.00	621.60	169,876	91,500.00
316	2022/11/13	609.90	-1.88	621.60	608.00	621.60	169,876	12,200.00
317	2022/11/13	609.90	-1.88	621.60	608.00	621.60	169,876	36,562.00
318	2022/11/13	609.90	-1.88	621.60	608.00	621.60	169,876	48,800.00
319	2022/11/13	609.90	-1.88	621.60	608.00	621.60	169,876	122,000.00
320	2022/11/13	609.90	-1.88	621.60	608.00	621.60	169,876	12,807.90
321	2022/11/13	609.90	-1.88	621.60	608.00	621.60	169,876	60,990.00
322	2022/11/13	609.90	-1.88	621.60	608.00	621.60	169,876	12,198.00
323	2022/11/13	609.90	-1.88	621.60	608.00	621.60	169,876	6,099.00
324	2022/11/13	609.90	-1.88	621.60	608.00	621.60	169,876	104,026,534.00
325	2022/11/13	609.90	-1.88	621.60	608.00	621.60	169,876	103,069,182.00
326	2022/11/10	621.60	-3.63	654.90	618.20	654.80	162,115	102,235,428.80
327	2022/11/09	645.00	-2.71	676.00	644.00	675.20	93,195	60,849,319.60
328	2022/11/08	663.00	-1.78	685.00	660.00	678.00	128,620	85,732,122.60
329	2022/11/07	675.00	-4.01	715.00	669.00	707.90	165,568	113,950,475.30
330	2022/11/06	703.20	5.59	704.90	666.00	678.70	64,452	44,444,723.90
331	2022/11/03	666.00	-2.77	685.00	663.10	681.20	47,017	31,635,460.00
332	2022/11/02	685.00	-2	705.00	680.00	695.00	113,720	78,560,214.60
333	2022/11/01	699.00	8.37	700.00	638.00	657.00	76,711	51,784,293.90
334	2022/10/31	645.00	2.06	649.00	628.00	632.00	25,355	16,241,968.40
335	2022/10/23	632.00	0.8	639.40	620.00	639.40	8,519	5,364,522.10
336	2022/10/20	627.00	0.16	638.00	613.50	613.50	17,490	10,976,047.30
337	2022/10/19	626.00	-2.42	641.00	620.20	638.00	21,038	13,194,700.00
338	2022/10/17	641.50	-1.31	652.00	640.00	650.00	21,795	14,067,576.10
339	2022/10/16	650.00	1.88	653.80	632.00	650.70	46,411	29,989,102.30
340	2022/10/13	638.00	3.71	639.00	620.00	620.00	46,189	29,117,109.90
341	2022/10/12	615.20	0.52	625.00	607.00	622.00	23,424	14,435,190.60
342	2022/10/11	612.00	-0.49	625.00	606.60	615.00	16,944	10,355,271.60
343	2022/10/10	615.00	-2.92	643.00	610.00	635.00	26,316	16,505,819.90
344	2022/10/09	633.50	4.71	635.00	610.00	617.00	28,620	17,784,254.00
345	2022/09/29	605.00	0.83	611.60	601.00	609.80	19,307	11,668,878.70
346	2022/09/28	600.00	1.01	614.80	595.00	595.00	9,969	6,028,343.10
347	2022/09/27	594.00	0	605.00	592.00	605.00	18,601	11,148,078.00
348	2022/09/25	594.00	-2.94	610.00	593.00	603.60	22,865	13,747,024.50
349	2022/09/22	612.00	0.82	617.00	603.00	607.00	17,704	10,796,769.10
350	2022/09/21	607.00	0.31	624.00	605.00	610.00	23,747	14,509,014.20
351	2022/09/20	605.10	-2.56	621.20	602.00	621.20	37,914	23,026,026.00
352	2022/09/18	621.00	-2.82	643.90	621.00	639.00	30,597	19,255,224.70
353	2022/09/16	639.00	-2.74	652.00	620.00	643.90	41,886	26,884,550.10
354	2022/09/15	657.00	-4.49	701.60	655.00	701.60	65,713	43,832,756.80
355	2022/09/14	687.90	2.69	695.00	670.00	670.00	32,797	22,470,352.60
356	2022/09/13	669.90	1.5	672.00	658.00	669.00	23,937	15,987,367.00
357	2022/09/12	660.00	0.3	660.00	655.10	658.00	27,894	18,313,132.30
358	2022/09/11	658.00	-0.98	670.00	657.00	659.00	15,751	10,401,517.00
359	2022/09/08	664.50	0.41	672.00	655.10	662.00	27,551	18,325,600.20
360	2022/09/07	661.80	0.42	664.00	655.10	659.00	26,778	17,672,056.50
361	2022/09/06	659.00	-0.3	665.00	657.00	661.00	38,381	25,303,588.80
362	2022/09/05	661.00	-0.75	679.30	660.00	679.30	26,045	17,305,385.50
363	2022/09/04	666.00	0.27	677.40	665.00	677.40	14,484	9,672,117.80
364	2022/09/02	664.20	-0.87	680.00	664.20	676.00	33,057	22,097,516.20
365	2022/09/01	667.00	0.15	674.00	660.00	667.00	29,287	24,252,842.10
366	2022/08/31	666.00	-0.61	676.00	662.10	671.00	45,970	30,668,871.40
367	2022/08/30	670.10	-1.02	685.00	670.00	684.00	28,782	19,380,978.80
368	2022/08/29	677.00	1.79	689.90	661.10	677.00	53,380	35,804,700.20
369	2022/08/28	665.10	-1.41	677.00	660.00	670.10	107,500	71,541,197.10
370	2022/08/26	674.60	-1.52	688.00	673.20	680.00	49,343	33,411,531.10
371	2022/08/25	685.00	-2.7	706.00	685.00	705.00	52,044	35,976,847.30
372	2022/08/24	704.00	-0.14	719.00	700.00	700.00	43,897	30,924,568.70
373	2022/08/23	705.00	2.17	705.00	681.00	681.00	62,503	43,754,384.70
374	2022/08/22	690.00	1.47	698.00	676.00	679.10	80,690	55,322,795.30
375	2022/08/21	680.00	-0.29	695.00	677.00	695.00	69,294	47,189,466.80
376	2022/08/18	682.00	1.2	688.30	670.00	672.00	88,812	60,394,473.50
377	2022/08/17	673.90	0.13	683.00	658.00	659.60	102,491	69,050,229.30
378	2022/08/16	673.00	-2.75	700.00	671.50	692.00	126,987	86,852,692.10
379	2022/08/15	692.00	-2.12	699.90	655.00	692.90	307,958	210,252,367.10
380	2022/08/14	707.00	-3.55	743.90	705.20	730.00	113,907	82,025,754.60
381	2022/08/11	733.00	-1.87	755.00	730.00	755.00	98,296	72,794,737.00
382	2022/08/10	747.00	-0.53	766.00	740.00	766.00	91,800	68,848,102.90
383	2022/08/09	751.00	-1.7	770.00	750.00	764.00	172,912	130,878,085.60
384	2022/08/08	764.00	-2.68	800.00	758.00	800.00	267,248	207,168,935.90
385	2022/08/07	785.00	-0.76	805.00	783.00	796.00	175,276	138,982,163.50
386	2022/08/05	791.00	-1.75	810.00	787.00	807.00	196,817	156,629,938.80
387	2022/08/04	805.10	-0.48	829.00	798.00	808.00	312,294	252,211,269.50
388	2022/08/03	809.00	-2.29	839.00	807.00	828.00	308,859	253,430,670.30
389	2022/08/02	828.00	-2.36	860.00	819.40	850.00	353,429	293,227,156.10
390	2022/08/01	848.00	3.67	864.00	825.00	834.00	454,106	383,111,042.00
391	2022/07/31	818.00	2.51	821.90	798.30	800.00	262,754	213,416,860.10
392	2022/07/29	798.00	-1.12	812.00	795.00	811.00	160,640	128,649,812.30
393	2022/07/28	807.00	-1.1	832.00	790.10	817.00	193,935	158,634,274.90
394	2022/07/27	816.00	0.62	822.00	785.00	800.10	222,280	179,411,808.30
395	2022/07/26	811.00	-3.22	840.00	805.00	830.00	236,195	193,667,260.00
396	2022/07/25	838.00	6.21	840.00	800.00	804.70	185,041	136,502,175.80
397	2022/07/24	789.00	1.54	794.00	769.90	792.00	508,496	397,131,057.40
398	2022/07/22	777.00	-3.82	810.00	775.00	810.00	267,546	210,002,473.00
399	2022/07/21	807.90	-0.87	829.00	799.00	827.00	220,002	178,001,568.10
400	2022/07/20	815.00	3.87	847.00	785.70	798.00	201,375	164,259,917.70
401	2022/07/19	784.60	2.56	800.00	778.00	779.00	202,235	159,771,337.80
402	2022/07/18	765.00	0.66	780.00	743.90	764.00	121,799	93,481,522.20
403	2022/07/17	760.00	0	779.00	757.10	760.00	48,949	37,504,827.30
404	2022/07/15	760.00	-0.65	765.00	750.00	764.00	52,797	39,972,542.60
405	2022/07/14	765.00	-0.39	790.00	752.00	775.00	109,195	83,971,516.10
406	2022/07/13	768.00	4.4	774.00	742.00	749.00	118,637	90,295,329.50
407	2022/07/12	735.60	2.32	749.00	710.00	730.00	100,900	74,017,535.20
408	2022/07/11	718.90	-4.15	750.00	711.60	750.00	89,268	65,088,343.00
409	2022/07/08	750.00	-4.46	800.70	750.00	800.00	73,107	55,983,555.40
410	2022/07/07	785.00	-1.26	820.00	785.00	810.00	77,979	62,532,918.10
411	2022/07/06	795.00	1.53	811.00	761.00	783.00	98,484	77,428,783.10
412	2022/07/05	783.00	-5.21	834.00	778.40	826.00	132,174	106,075,305.90
413	2022/07/04	826.00	-0.48	878.00	801.00	840.00	208,727	175,883,271.40
414	2022/07/03	830.00	8.07	830.00	753.20	768.00	88,004	69,785,906.40
415	2022/07/01	768.00	-0.78	794.50	755.00	779.00	72,059	55,747,893.80
416	2022/06/30	774.00	9.79	775.50	710.00	719.00	132,607	99,520,630.60
417	2022/06/29	705.00	1.73	716.00	690.00	690.00	58,570	41,193,342.00
418	2022/06/28	693.00	0.43	700.00	680.00	683.00	18,124	12,480,800.30
401	2022/06/27	690.00	-3.77	734.00	690.00	728.00	46,993	33,433,310.50
402	2022/06/26	717.00	4.06	729.00	700.00	701.00	75,491	54,170,663.70
403	2022/06/24	689.00	2.53	698.00	658.00	660.00	23,489	15,916,301.60
404	2022/06/23	672.00	-1.47	679.00	654.00	668.50	50,193	33,332,601.40
405	2022/06/22	682.00	-1.02	693.00	676.00	690.00	18,187	12,397,978.20
406	2022/06/21	689.00	3.14	700.00	670.00	680.00	42,106	29,047,598.90
407	2022/06/20	668.00	-1.46	686.00	660.00	678.00	23,624	15,793,490.70
408	2022/06/19	677.90	-2.04	701.00	675.00	701.00	16,083	10,954,660.80
409	2022/06/17	692.00	-1.28	709.80	690.00	700.00	17,783	12,417,806.00
410	2022/06/16	701.00	0.57	724.00	686.00	695.00	34,469	24,312,303.30
411	2022/06/15	697.00	-0.14	710.00	674.10	698.00	42,482	29,275,778.70
412	2022/06/14	698.00	-3.8	730.00	684.00	713.20	66,776	46,718,193.50
413	2022/06/13	725.60	-2.86	758.00	724.00	750.00	30,931	22,691,990.90
414	2022/06/10	747.00	-3.36	774.50	744.00	760.10	41,421	31,247,892.50
415	2022/06/09	773.00	-0.77	802.70	765.00	784.00	34,601	27,184,036.30
416	2022/06/08	779.00	4.01	786.50	735.00	760.00	43,726	33,566,292.10
417	2022/06/07	749.00	-5.19	795.00	741.00	795.00	41,936	32,077,064.70
418	2022/06/06	790.00	-0.25	803.00	780.10	800.00	33,114	26,278,593.20
419	2022/06/03	792.00	-1	803.00	780.00	796.00	28,909	22,848,284.30
420	2022/06/02	800.00	-0.62	824.80	795.00	821.00	26,633	21,438,499.20
421	2022/06/01	805.00	-1.23	830.00	801.00	830.00	21,956	17,820,899.60
422	2022/05/31	815.00	-1.81	845.00	804.90	825.10	28,675	23,579,983.20
423	2022/05/30	830.00	-3.49	880.00	830.00	860.00	28,746	24,264,787.50
424	2022/05/27	860.00	-0.57	875.00	845.40	875.00	15,244	13,011,534.00
425	2022/05/26	864.90	0.45	873.90	853.00	860.00	14,340	12,352,034.10
426	2022/05/25	861.00	-0.23	878.00	860.00	878.00	12,699	10,998,132.00
427	2022/05/24	863.00	3.37	876.00	834.00	836.00	16,623	14,291,601.50
428	2022/05/23	834.90	-2.35	855.00	830.00	855.00	27,350	22,859,445.80
429	2022/05/20	855.00	-0.35	869.70	851.00	858.00	15,615	13,357,007.20
430	2022/05/19	858.00	-2.94	889.00	855.00	875.00	31,376	27,201,488.70
431	2022/05/18	884.00	-0.11	895.00	857.00	870.00	23,006	20,140,316.10
432	2022/05/17	885.00	-3.28	910.00	863.00	910.00	41,319	36,638,341.00
433	2022/05/12	915.00	5.17	935.00	870.00	887.00	122,046	111,067,418.50
434	2022/05/11	870.00	1.28	885.00	840.00	859.00	78,441	67,588,437.80
435	2022/05/10	859.00	1.06	870.00	850.00	850.00	36,614	31,441,682.90
436	2022/05/09	850.00	0.24	867.00	850.00	855.00	45,101	38,671,992.40
437	2022/05/08	848.00	-0.82	860.00	838.50	846.00	38,752	32,799,804.30
438	2022/05/05	855.00	-0.58	868.00	843.00	860.00	41,291	35,092,173.30
439	2022/05/04	860.00	-2.16	879.00	850.00	870.00	27,476	23,708,324.60
440	2022/05/02	879.00	-3.93	920.00	868.00	920.00	48,039	42,523,916.20
441	2022/04/28	915.00	-2.3	950.00	909.50	950.00	39,571	36,418,997.00
442	2022/04/27	936.50	0.27	942.00	922.00	925.00	19,401	18,111,865.90
443	2022/04/26	934.00	-0.32	955.50	929.00	949.00	21,790	20,518,057.00
444	2022/04/25	937.00	-2.69	978.00	930.00	963.00	69,506	66,208,164.80
445	2022/04/24	962.90	2.55	977.00	940.00	957.00	122,609	117,622,733.40
446	2022/04/21	939.00	3.07	950.00	903.20	908.00	22,686	20,822,960.80
447	2022/04/20	911.00	-4	954.50	910.00	941.00	26,029	24,115,883.10
448	2022/04/19	949.00	1.17	960.20	919.00	934.00	18,673	17,648,558.00
449	2022/04/18	938.00	-2.39	972.00	920.00	961.00	33,886	31,717,644.70
450	2022/04/17	961.00	-2.93	1,009.00	957.70	1,009.00	34,280	33,594,624.90
451	2022/04/13	990.00	-0.9	1,011.00	980.00	1,011.00	85,058	84,334,936.00
452	2022/04/12	999.00	-2.73	1,045.00	992.00	1,028.00	38,647	38,830,561.50
453	2022/04/11	1,027.00	-3.2	1,103.00	1,026.00	1,082.00	56,103	58,834,765.90
454	2022/04/07	1,061.00	0.66	1,076.00	1,057.30	1,065.00	47,470	50,655,408.30
455	2022/04/06	1,054.00	1.35	1,075.00	1,031.00	1,035.00	50,336	53,111,721.30
456	2022/04/05	1,040.00	-0.95	1,055.00	1,028.00	1,050.00	46,212	48,110,830.60
457	2022/04/04	1,050.00	0	1,070.00	1,042.10	1,060.00	27,220	28,683,356.30
458	2022/04/03	1,050.00	-0.66	1,059.90	1,048.00	1,058.00	15,639	16,459,135.40
459	2022/03/31	1,057.00	-2.13	1,091.00	1,055.00	1,085.00	36,699	39,207,008.00
460	2022/03/30	1,080.00	3.15	1,083.00	1,045.00	1,066.00	58,023	61,965,274.30
461	2022/03/29	1,047.00	-0.19	1,083.00	1,025.00	1,065.00	75,614	79,199,051.50
462	2022/03/28	1,049.00	-2.05	1,090.00	1,049.00	1,080.00	46,001	48,845,231.60
463	2022/03/27	1,071.00	-3.95	1,137.00	1,065.00	1,135.00	93,099	101,192,152.20
464	2022/03/24	1,115.00	-3.21	1,156.00	1,110.20	1,153.00	57,858	65,482,809.30
465	2022/03/23	1,152.00	-1.54	1,188.90	1,149.00	1,188.90	45,443	52,746,802.00
466	2022/03/22	1,170.00	0.86	1,195.00	1,165.00	1,165.00	73,166	86,237,738.10
467	2022/03/21	1,160.00	-0.43	1,179.00	1,145.00	1,165.00	75,314	87,366,017.30
468	2022/03/20	1,165.00	-2.02	1,198.00	1,160.00	1,198.00	40,183	46,976,560.30
469	2022/03/16	1,189.00	-0.92	1,209.00	1,180.10	1,200.00	34,289	40,886,860.70
470	2022/03/15	1,200.00	-3.23	1,246.00	1,180.00	1,245.00	75,639	91,466,644.00
471	2022/03/14	1,240.00	-0.88	1,276.00	1,228.00	1,276.00	36,478	45,414,197.90
472	2022/03/13	1,251.00	8.78	1,254.00	1,155.00	1,169.00	289,015	343,650,954.10
473	2022/03/10	1,150.00	4.83	1,154.90	1,090.00	1,100.00	48,796	54,745,756.70
474	2022/03/09	1,097.00	-0.9	1,135.00	1,086.00	1,107.00	52,474	57,764,319.50
475	2022/03/07	1,107.00	2.03	1,123.00	1,030.00	1,085.00	253,914	276,932,863.50
476	2022/03/06	1,085.00	-7.11	1,160.00	1,074.00	1,144.70	136,546	152,282,022.60
477	2022/03/02	1,168.00	-5.43	1,229.00	1,157.00	1,229.00	104,239	122,375,832.80
478	2022/02/28	1,235.00	-2.99	1,298.40	1,226.10	1,274.00	76,521	95,059,937.90
479	2022/02/27	1,273.00	-3.05	1,330.00	1,265.40	1,300.00	53,100	68,307,866.50
480	2022/02/24	1,313.00	-2.67	1,358.90	1,300.00	1,340.00	39,436	52,007,704.80
481	2022/02/23	1,349.00	-1.82	1,393.00	1,342.00	1,393.00	22,109	29,911,469.00
482	2022/02/22	1,374.00	-0.36	1,390.00	1,357.00	1,389.00	31,944	43,941,269.40
483	2022/02/21	1,379.00	1.47	1,405.00	1,340.00	1,355.00	48,041	65,279,023.60
484	2022/02/20	1,359.00	-2.93	1,398.00	1,350.00	1,372.00	36,092	49,622,789.60
485	2022/02/17	1,400.00	1.16	1,422.00	1,370.00	1,409.90	23,685	33,274,880.60
486	2022/02/16	1,384.00	-2.54	1,425.00	1,371.10	1,420.00	47,455	66,125,503.40
487	2022/02/15	1,420.00	0.92	1,427.00	1,400.00	1,424.00	13,276	18,725,148.80
488	2022/02/14	1,407.00	0.43	1,480.00	1,390.00	1,390.00	37,741	53,355,237.90
489	2022/02/13	1,401.00	-6.98	1,500.00	1,396.00	1,480.00	77,936	111,315,457.40
490	2022/02/10	1,506.20	0.21	1,525.00	1,491.20	1,501.00	53,977	81,523,761.80
491	2022/02/09	1,503.00	0.66	1,522.00	1,490.00	1,522.00	52,411	79,061,155.20
492	2022/02/08	1,493.10	1.43	1,528.00	1,486.00	1,501.50	56,032	84,233,112.50
493	2022/02/07	1,472.10	0.07	1,499.00	1,466.20	1,480.00	18,833	27,860,758.60
494	2022/02/06	1,471.00	0.07	1,498.00	1,459.00	1,470.00	20,436	30,134,939.00
495	2022/02/03	1,470.00	-1.74	1,524.00	1,470.00	1,524.00	57,741	85,999,213.70
496	2022/02/01	1,496.00	-0.47	1,510.00	1,490.00	1,508.00	25,534	38,371,671.10
497	2022/01/31	1,503.00	-1.64	1,550.00	1,493.00	1,550.00	35,191	53,135,422.20
498	2022/01/30	1,528.00	1.87	1,590.00	1,510.00	1,530.00	81,601	124,497,760.70
499	2022/01/27	1,500.00	0.67	1,565.00	1,486.00	1,495.00	57,166	86,387,176.60
500	2022/01/26	1,490.00	0.2	1,508.00	1,460.00	1,482.00	38,160	56,694,515.40
501	2022/01/25	1,487.00	-0.8	1,528.00	1,475.00	1,499.00	37,953	56,990,184.50
502	2022/01/24	1,499.00	-3.73	1,560.00	1,492.00	1,545.00	58,304	88,631,205.20
503	2022/01/23	1,557.10	-0.5	1,594.00	1,550.00	1,580.00	44,642	70,327,655.30
504	2022/01/20	1,565.00	0.45	1,598.00	1,540.00	1,560.00	40,462	63,536,012.10
505	2022/01/19	1,558.00	-2.01	1,604.00	1,553.00	1,600.00	61,410	96,432,914.30
506	2022/01/18	1,590.00	-2.75	1,667.70	1,573.20	1,667.70	89,859	143,744,898.50
507	2022/01/17	1,635.00	1.74	1,671.80	1,580.00	1,639.10	128,877	211,235,916.20
508	2022/01/16	1,607.00	6.64	1,609.00	1,516.20	1,525.00	165,903	263,378,622.70
509	2022/01/13	1,507.00	1.12	1,525.00	1,485.00	1,500.00	33,383	50,212,362.10
510	2022/01/12	1,490.30	-2.08	1,539.00	1,490.00	1,522.40	62,686	94,841,420.10
511	2022/01/11	1,522.00	-1.49	1,559.90	1,520.00	1,533.00	64,479	99,262,589.00
512	2022/01/10	1,545.00	-1.34	1,584.00	1,540.00	1,566.00	79,845	124,449,335.50
513	2022/01/09	1,566.00	3.37	1,587.00	1,531.00	1,545.00	123,886	193,989,035.50
514	2022/01/06	1,515.00	-0.53	1,538.00	1,513.20	1,530.00	56,156	85,363,173.30
515	2022/01/05	1,523.00	0.2	1,570.00	1,505.00	1,535.00	122,280	187,262,331.90
516	2022/01/04	1,520.00	-0.33	1,551.00	1,500.00	1,530.00	62,734	95,736,824.60
517	2022/01/03	1,525.00	-0.07	1,561.00	1,514.00	1,556.50	105,632	162,652,931.50
518	2022/01/02	1,526.00	3.11	1,538.00	1,451.10	1,480.00	155,477	234,981,678.80
519	2021/12/29	1,480.00	2.21	1,501.40	1,428.00	1,448.00	84,044	124,055,049.80
520	2021/12/28	1,448.00	3.57	1,450.00	1,365.00	1,380.00	58,809	83,129,928.20
521	2021/12/27	1,398.10	-2.98	1,475.00	1,398.00	1,469.80	182,731	263,712,881.40
522	2021/12/26	1,441.00	9.92	1,441.00	1,311.00	1,337.20	111,489	155,207,339.30
523	2021/12/23	1,311.00	6.22	1,345.00	1,226.00	1,240.00	75,309	97,973,266.05
524	2021/12/22	1,234.20	10	1,234.20	1,132.00	1,140.00	29,030	35,156,968.50
525	2021/12/21	1,122.00	3.89	1,123.60	1,097.00	1,101.60	6,043	6,707,728.50
526	2021/12/20	1,080.00	-0.64	1,121.00	1,063.30	1,108.70	13,709	14,984,332.60
527	2021/12/16	1,087.00	-2.16	1,114.00	1,067.30	1,090.10	11,777	12,859,210.20
528	2021/12/15	1,111.00	-1.66	1,180.00	1,080.00	1,150.00	17,004	19,366,316.50
529	2021/12/14	1,129.80	9.91	1,129.90	1,030.00	1,048.00	11,204	12,138,844.00
530	2021/12/13	1,027.90	-6.89	1,120.00	1,027.00	1,082.00	37,461	39,847,488.90
531	2021/12/12	1,104.00	-4.5	1,156.00	1,101.00	1,138.00	18,482	20,856,287.00
532	2021/12/09	1,156.00	-2.61	1,183.00	1,140.00	1,177.00	19,919	23,010,264.90
533	2021/12/08	1,187.00	-2.01	1,220.00	1,187.00	1,200.00	12,245	14,700,724.00
534	2021/12/07	1,211.30	-2.56	1,265.00	1,211.30	1,237.00	7,071	8,744,237.00
535	2021/12/06	1,243.10	1.23	1,250.00	1,206.00	1,206.20	14,686	18,002,328.00
536	2021/12/05	1,228.00	-1.37	1,247.90	1,220.10	1,225.00	14,899	18,323,331.00
537	2021/12/02	1,245.00	-2.73	1,275.00	1,235.00	1,271.00	13,804	17,225,187.00
538	2021/12/01	1,280.00	1.99	1,295.00	1,263.00	1,270.00	7,844	10,022,643.40
539	2021/11/30	1,255.00	-0.4	1,300.00	1,241.00	1,242.00	15,340	19,202,672.20
540	2021/11/29	1,260.00	-0.24	1,300.00	1,241.00	1,288.00	11,482	14,554,506.00
541	2021/11/28	1,263.00	-4.32	1,340.00	1,250.00	1,312.00	22,784	29,100,633.90
542	2021/11/25	1,320.00	-1.27	1,344.90	1,315.00	1,344.90	7,120	9,421,784.00
543	2021/11/24	1,337.00	1.36	1,344.30	1,292.00	1,300.10	13,916	18,319,951.00
544	2021/11/23	1,319.00	-2.58	1,355.00	1,311.00	1,355.00	11,254	14,877,367.00
545	2021/11/22	1,354.00	-1.46	1,380.00	1,350.00	1,375.00	12,952	17,633,524.20
546	2021/11/21	1,374.00	3.85	1,400.00	1,298.00	1,301.00	27,269	37,132,041.80
547	2021/11/18	1,323.00	-1.64	1,355.00	1,318.00	1,349.00	15,031	20,047,212.20
548	2021/11/17	1,345.10	0.01	1,380.00	1,345.10	1,355.00	19,936	27,004,222.00
549	2021/11/16	1,345.00	0.67	1,360.00	1,300.00	1,311.00	13,782	18,425,159.80
550	2021/11/15	1,336.10	1.84	1,349.00	1,317.00	1,338.20	10,162	13,595,396.20
551	2021/11/14	1,312.00	1.31	1,319.00	1,275.00	1,275.00	8,822	11,546,242.50
552	2021/11/11	1,295.00	-3.65	1,328.00	1,288.00	1,317.50	23,981	31,217,820.50
553	2021/11/09	1,344.00	-3.79	1,397.00	1,315.10	1,397.00	17,666	23,609,929.60
554	2021/11/08	1,397.00	-0.57	1,420.00	1,381.00	1,407.00	15,915	22,234,589.20
555	2021/11/03	1,405.00	1.08	1,430.00	1,389.00	1,417.00	25,093	35,378,647.30
556	2021/11/02	1,390.00	0.65	1,390.00	1,350.00	1,361.00	20,370	28,124,856.40
557	2021/11/01	1,381.00	-3.09	1,453.50	1,368.00	1,453.50	29,540	41,206,771.50
558	2021/10/31	1,425.00	5.32	1,430.00	1,350.00	1,352.00	34,257	47,838,270.50
559	2021/10/28	1,353.00	-1.24	1,395.00	1,342.70	1,342.70	9,861	13,417,007.80
560	2021/10/27	1,370.00	-1.23	1,400.00	1,356.00	1,392.00	28,671	39,665,105.20
561	2021/10/26	1,387.00	5.48	1,387.00	1,318.00	1,330.00	31,429	42,543,843.50
562	2021/10/25	1,315.00	4.27	1,379.00	1,212.00	1,235.90	21,159	26,904,652.50
563	2021/10/24	1,261.10	2.95	1,274.00	1,220.00	1,220.00	23,113	29,032,449.50
564	2021/10/21	1,225.00	-3.91	1,286.00	1,225.00	1,255.00	11,576	14,515,489.30
565	2021/10/20	1,274.90	5.36	1,295.00	1,221.00	1,234.20	20,760	25,940,394.90
566	2021/10/19	1,210.00	-4.87	1,270.00	1,195.00	1,250.00	36,395	44,135,091.40
567	2021/10/18	1,272.00	-3.93	1,324.00	1,265.00	1,324.00	18,290	23,455,543.50
568	2021/10/17	1,324.00	2.64	1,325.00	1,293.60	1,315.00	9,077	11,923,657.20
569	2021/10/11	1,290.00	-3.15	1,358.60	1,274.00	1,358.60	40,674	52,461,102.50
570	2021/10/10	1,332.00	-6.46	1,395.60	1,328.00	1,395.60	60,501	81,770,499.00
571	2021/10/06	1,424.00	3.87	1,430.00	1,375.00	1,398.00	19,092	26,800,859.00
572	2021/10/05	1,371.00	1.18	1,395.00	1,355.00	1,355.00	7,063	9,724,436.70
573	2021/10/04	1,355.00	-0.22	1,377.00	1,331.10	1,331.10	15,259	20,568,135.50
574	2021/10/03	1,358.00	-1.95	1,410.00	1,350.00	1,385.00	14,846	20,283,987.20
575	2021/09/30	1,385.00	-3.01	1,427.00	1,385.00	1,427.00	12,752	17,910,868.00
576	2021/09/29	1,428.00	3.47	1,428.00	1,378.00	1,407.00	19,003	26,589,004.10
577	2021/09/28	1,380.10	-0.85	1,410.00	1,370.00	1,371.00	41,838	58,000,859.00
578	2021/09/27	1,392.00	-2.66	1,440.00	1,385.00	1,440.00	22,840	32,001,625.90
579	2021/09/26	1,430.10	-3.04	1,489.00	1,430.00	1,478.00	20,655	29,891,486.50
580	2021/09/23	1,475.00	-2.96	1,534.00	1,475.00	1,525.00	17,080	25,549,852.50
581	2021/09/22	1,520.00	3.47	1,540.00	1,480.00	1,498.00	30,531	46,247,933.30
582	2021/09/21	1,469.00	-0.74	1,505.00	1,440.00	1,480.00	32,542	47,901,737.10
583	2021/09/20	1,480.00	-0.74	1,505.00	1,460.00	1,500.00	47,762	70,455,419.60
584	2021/09/16	1,491.10	-2.92	1,531.00	1,490.00	1,524.00	51,569	77,547,028.90
585	2021/09/15	1,536.00	-0.87	1,579.00	1,530.00	1,579.00	23,076	35,654,187.00
586	2021/09/14	1,549.50	-1.24	1,580.00	1,540.00	1,570.00	22,007	34,214,789.50
587	2021/09/13	1,569.00	-2.24	1,630.00	1,560.00	1,630.00	29,942	47,213,756.10
588	2021/09/12	1,605.00	5.94	1,605.00	1,515.00	1,545.00	30,927	48,348,136.40
589	2021/09/09	1,515.00	-0.2	1,535.00	1,510.00	1,520.00	30,801	46,770,941.50
590	2021/09/08	1,518.00	-3.25	1,569.00	1,515.00	1,565.00	30,674	46,880,240.70
591	2021/09/07	1,569.00	-3.39	1,630.00	1,558.00	1,630.00	36,832	58,094,167.00
592	2021/09/06	1,624.00	7.27	1,624.00	1,503.00	1,515.00	55,887	87,129,328.00
593	2021/09/05	1,514.00	-3.63	1,569.00	1,492.00	1,550.00	75,820	114,898,162.50
594	2021/09/02	1,571.00	-3.08	1,655.00	1,559.00	1,600.00	57,195	91,677,261.00
595	2021/09/01	1,621.00	-0.25	1,659.90	1,610.00	1,650.00	51,789	84,883,535.90
596	2021/08/31	1,625.00	-4.41	1,705.00	1,618.00	1,700.00	78,644	130,431,387.70
597	2021/08/29	1,700.00	1.13	1,754.00	1,681.00	1,700.00	107,151	183,673,239.40
598	2021/08/26	1,681.00	-2.3	1,715.00	1,657.20	1,699.00	66,917	112,350,845.90
599	2021/08/25	1,699.00	-2.91	1,749.80	1,686.00	1,725.00	122,362	209,456,738.80
600	2021/08/24	1,750.00	-2.78	1,836.00	1,740.00	1,836.00	109,255	192,745,104.40
601	2021/08/19	1,800.00	0.39	1,910.00	1,793.00	1,828.80	176,321	325,000,194.80
602	2021/08/18	1,793.00	10	1,793.00	1,640.00	1,649.00	239,956	420,538,937.30
603	2021/08/17	1,630.00	1.56	1,666.00	1,600.00	1,610.00	103,604	169,954,483.80
604	2021/08/16	1,605.00	0.5	1,642.20	1,590.00	1,590.00	78,141	125,291,047.10
605	2021/08/15	1,597.00	-1.24	1,670.00	1,584.00	1,617.00	126,070	203,459,245.90
606	2021/08/12	1,617.00	3.92	1,643.00	1,539.00	1,587.00	158,066	254,433,072.40
607	2021/08/11	1,556.00	0.71	1,575.90	1,545.00	1,575.90	30,966	48,161,492.60
608	2021/08/10	1,545.00	1.38	1,550.00	1,525.00	1,550.00	32,341	49,636,101.50
609	2021/08/09	1,524.00	-1.49	1,550.00	1,520.00	1,550.00	22,457	34,376,140.50
610	2021/08/08	1,547.00	0.33	1,565.00	1,545.00	1,546.00	22,675	35,243,649.20
611	2021/08/05	1,544.90	-0.97	1,572.00	1,532.00	1,570.00	32,217	50,019,027.80
612	2021/08/04	1,560.00	0.71	1,601.00	1,550.00	1,550.00	63,137	99,399,825.00
613	2021/08/03	1,549.00	0.13	1,570.00	1,539.00	1,560.00	21,511	33,322,298.00
614	2021/08/02	1,547.00	0.32	1,570.00	1,532.00	1,542.00	27,233	42,240,162.80
615	2021/08/01	1,542.00	-1.15	1,580.00	1,540.00	1,552.00	26,812	41,663,554.20
616	2021/07/29	1,560.00	0.71	1,570.00	1,536.70	1,565.00	48,632	75,503,484.60
617	2021/07/28	1,549.00	-1.46	1,599.00	1,535.00	1,568.00	47,037	73,492,701.80
618	2021/07/27	1,568.00	5.73	1,580.00	1,489.00	1,489.00	107,364	165,460,477.20
619	2021/07/26	1,484.00	-0.6	1,519.00	1,480.00	1,519.00	32,729	48,884,413.50
620	2021/07/25	1,493.00	-0.2	1,510.00	1,482.00	1,497.00	20,508	30,590,133.00
621	2021/07/22	1,496.00	-1.19	1,530.00	1,494.00	1,530.00	28,229	42,390,763.00
622	2021/07/20	1,514.00	-0.07	1,545.00	1,513.00	1,545.00	44,259	67,474,351.90
623	2021/07/19	1,515.00	2.02	1,530.00	1,500.00	1,509.00	56,381	85,620,596.70
624	2021/07/18	1,485.00	1.85	1,494.00	1,473.00	1,478.00	17,460	25,929,906.90
625	2021/07/15	1,458.00	-0.07	1,469.00	1,450.00	1,465.00	16,313	23,805,538.00
626	2021/07/14	1,459.00	-0.41	1,470.00	1,456.00	1,470.00	13,406	19,579,635.00
627	2021/07/13	1,465.00	0	1,493.00	1,462.00	1,465.00	14,227	20,900,659.00
628	2021/07/12	1,465.00	-2.14	1,513.00	1,459.00	1,509.00	30,846	45,502,551.00
629	2021/07/11	1,497.00	1.49	1,548.00	1,488.00	1,548.00	16,832	25,223,145.00
630	2021/07/08	1,475.00	-0.54	1,490.00	1,465.00	1,480.00	20,873	30,824,500.00
631	2021/07/07	1,483.00	-2.05	1,537.00	1,466.00	1,537.00	21,788	32,375,337.00
632	2021/07/06	1,514.00	2.85	1,527.00	1,469.00	1,469.00	66,045	99,651,522.00
633	2021/07/05	1,472.00	2.29	1,524.00	1,436.00	1,445.00	41,653	61,543,049.00
634	2021/07/04	1,439.00	-1.98	1,475.00	1,439.00	1,475.00	14,290	20,744,246.00
635	2021/07/01	1,468.00	0	1,482.00	1,455.00	1,468.00	23,924	35,066,930.00
636	2021/06/30	1,468.00	2.02	1,468.00	1,400.00	1,400.00	32,210	46,225,982.00
637	2021/06/29	1,439.00	-0.35	1,464.00	1,435.00	1,450.00	19,077	27,601,097.00
638	2021/06/28	1,444.00	-0.41	1,522.00	1,440.00	1,522.00	16,097	23,373,426.00
639	2021/06/27	1,450.00	0.76	1,467.00	1,426.00	1,465.00	29,345	42,515,790.00
640	2021/06/24	1,439.00	-1.1	1,528.00	1,436.00	1,528.00	32,803	47,653,767.00
641	2021/06/23	1,456.00	-2.61	1,510.00	1,454.00	1,500.00	32,195	46,972,061.00
642	2021/06/22	1,495.00	2.47	1,550.00	1,388.00	1,388.00	45,400	67,526,140.00
643	2021/06/21	1,459.00	-2.67	1,530.00	1,458.00	1,500.00	54,448	80,464,249.00
644	2021/06/20	1,499.00	-2.79	1,572.00	1,479.00	1,572.00	79,345	119,784,187.00
645	2021/06/17	1,542.00	-0.84	1,569.00	1,538.00	1,560.00	33,965	52,771,211.00
646	2021/06/16	1,555.00	-2.2	1,605.00	1,535.00	1,565.00	95,171	148,910,726.00
647	2021/06/15	1,590.00	-0.44	1,655.00	1,581.00	1,600.00	116,240	187,046,765.00
648	2021/06/14	1,592.00	-1.12	1,641.00	1,531.00	1,531.00	59,563	95,734,046.00
649	2021/06/13	1,610.00	-0.12	1,645.00	1,605.00	1,616.00	108,082	192,893,077.00
650	2021/06/10	1,616.00	-1.16	1,700.00	1,642.00	1,700.00	95,639	183,367,240.00
651	2021/06/09	1,640.00	5.26	1,685.00	1,566.00	1,570.00	243,113	397,708,469.00
652	2021/06/08	1,558.00	3.94	1,571.00	1,505.00	1,571.00	164,939	254,447,194.00
653	2021/06/07	1,497.00	-1.51	1,529.00	1,496.00	1,520.00	62,906	94,998,802.00
654	2021/06/06	1,520.00	-1.62	1,560.00	1,516.00	1,545.00	41,804	64,003,255.00
655	2021/06/03	1,545.00	3	1,576.00	1,515.00	1,530.00	209,641	325,008,732.00
656	2021/06/02	1,500.00	3.09	1,480.00	1,395.00	1,395.00	48,233	71,560,445.00
657	2021/06/01	1,455.00	-0.34	1,480.00	1,453.00	1,480.00	29,235	42,670,156.00
658	2021/05/31	1,460.00	-1.68	1,500.00	1,455.00	1,485.00	38,184	56,176,039.00
659	2021/05/30	1,485.00	-0.4	1,551.00	1,483.00	1,551.00	47,482	71,213,311.00
660	2021/05/27	1,491.00	0.81	1,520.00	1,450.00	1,465.00	46,760	69,720,889.00
661	2021/05/25	1,479.00	-0.4	1,518.00	1,460.00	1,460.00	37,331	55,423,795.00
662	2021/05/24	1,485.00	-1.33	1,520.00	1,483.00	1,506.00	34,402	51,438,158.00
663	2021/05/23	1,505.00	-0.13	1,510.00	1,460.00	1,488.00	44,945	67,375,737.00
664	2021/05/20	1,507.00	-0.53	1,525.00	1,505.00	1,517.00	24,188	36,605,543.00
665	2021/05/19	1,515.00	-0.59	1,570.00	1,510.00	1,535.00	41,496	63,383,961.00
666	2021/05/18	1,524.00	-0.26	1,555.00	1,500.00	1,500.00	60,080	92,570,237.00
667	2021/05/17	1,528.00	-0.59	1,565.00	1,461.00	1,461.00	41,051	63,322,371.00
668	2021/05/16	1,537.00	1.12	1,554.00	1,528.00	1,550.00	65,971	101,615,050.00
669	2021/05/13	1,520.00	-1.3	1,550.00	1,515.00	1,550.00	55,259	84,199,839.00
670	2021/05/12	1,540.00	-0.32	1,600.00	1,520.00	1,600.00	93,874	145,672,053.00
671	2021/05/11	1,545.00	2.79	1,569.00	1,500.00	1,503.00	105,252	162,270,429.00
672	2021/05/10	1,503.00	3.23	1,520.00	1,455.00	1,455.00	70,839	106,327,351.00
673	2021/05/09	1,456.00	-2.15	1,485.00	1,450.00	1,475.00	33,842	49,557,328.00
674	2021/05/06	1,488.00	-1.46	1,585.00	1,478.00	1,585.00	44,092	65,676,068.00
675	2021/05/05	1,510.00	-1.5	1,550.00	1,507.00	1,549.00	28,990	44,164,397.00
676	2021/05/04	1,533.00	0.33	1,545.00	1,500.00	1,534.00	48,894	74,617,360.00
677	2021/05/03	1,528.00	-1.92	1,579.00	1,525.00	1,565.00	82,421	127,445,203.00
678	2021/05/02	1,558.00	3.32	1,583.00	1,498.00	1,583.00	129,104	200,377,636.00
679	2021/04/29	1,508.00	3.01	1,530.00	1,451.00	1,530.00	125,369	187,222,207.00
680	2021/04/28	1,464.00	0.97	1,490.00	1,422.00	1,435.00	73,686	108,060,365.00
681	2021/04/27	1,450.00	6.7	1,470.00	1,359.00	1,359.00	72,073	102,026,140.00
682	2021/04/26	1,359.00	-2.23	1,415.00	1,338.00	1,365.00	52,579	72,199,419.00
683	2021/04/25	1,390.00	-2.39	1,424.00	1,370.00	1,424.00	57,241	79,581,235.00
684	2021/04/22	1,424.00	0.71	1,442.00	1,393.00	1,400.00	44,238	62,494,992.00
685	2021/04/21	1,414.00	-2.08	1,440.00	1,410.00	1,425.00	21,271	30,222,610.00
686	2021/04/20	1,444.00	0.28	1,450.00	1,425.00	1,435.00	25,925	37,249,074.00
687	2021/04/19	1,440.00	-0.14	1,470.00	1,420.00	1,430.00	28,528	41,116,374.00
688	2021/04/18	1,442.00	-0.96	1,500.00	1,439.00	1,500.00	19,709	28,637,691.00
689	2021/04/15	1,456.00	0.62	1,509.00	1,435.00	1,460.00	37,396	55,217,221.00
690	2021/04/13	1,447.00	-0.48	1,526.00	1,440.00	1,526.00	23,271	33,755,440.00
691	2021/04/12	1,454.00	-0.82	1,474.00	1,444.00	1,467.00	31,094	45,248,018.00
692	2021/04/08	1,466.00	-0.41	1,485.00	1,460.00	1,472.00	19,075	28,207,800.00
693	2021/04/07	1,472.00	-2	1,519.00	1,471.00	1,502.00	19,870	31,456,257.00
694	2021/04/06	1,502.00	4.67	1,518.00	1,415.00	1,430.00	68,539	101,372,571.00
695	2021/04/05	1,435.00	0.56	1,470.00	1,421.00	1,470.00	28,216	40,539,644.00
696	2021/04/04	1,427.00	-0.21	1,458.00	1,421.00	1,458.00	36,550	53,412,642.00
697	2021/04/01	1,430.00	0	1,501.00	1,421.00	1,501.00	24,720	35,854,278.00
698	2021/04/01	1,430.00	0.99	1,486.00	1,421.00	1,486.00	20,490	35,854,278.00
699	2021/03/30	1,416.00	-0.49	1,435.00	1,405.00	1,435.00	26,034	36,900,785.00
700	2021/03/29	1,423.00	-0.63	1,450.00	1,417.00	1,432.00	17,334	24,767,127.00
701	2021/03/25	1,432.00	-2.72	1,484.00	1,426.00	1,455.00	32,925	47,826,006.00
702	2021/03/24	1,472.00	0.48	1,494.00	1,465.00	1,465.00	18,610	27,501,164.00
703	2021/03/23	1,465.00	-0.2	1,490.00	1,426.00	1,468.00	35,477	51,995,501.00
704	2021/03/22	1,468.00	-3.42	1,521.00	1,461.00	1,520.00	69,719	103,385,268.00
705	2021/03/21	1,520.00	3.61	1,525.00	1,470.00	1,477.00	79,039	119,019,692.00
706	2021/03/18	1,467.00	6.3	1,485.00	1,385.00	1,405.00	69,583	100,182,885.00
707	2021/03/17	1,380.00	1.62	1,395.00	1,354.00	1,380.00	35,061	48,372,253.00
708	2021/03/16	1,358.00	0.67	1,377.00	1,343.00	1,349.00	25,890	35,251,422.00
709	2021/03/15	1,349.00	0.67	1,390.00	1,324.00	1,363.00	39,158	53,039,061.00
710	2021/03/14	1,340.00	-1.62	1,365.00	1,330.00	1,362.00	26,930	36,102,466.00
711	2021/03/10	1,362.00	1.41	1,375.00	1,320.00	1,365.00	51,003	69,006,958.00
712	2021/03/09	1,343.00	-1.97	1,380.00	1,330.00	1,365.00	36,158	48,532,994.00
713	2021/03/07	1,370.00	-1.58	1,401.00	1,361.00	1,392.00	20,818	28,641,594.00
714	2021/03/04	1,392.00	3.11	1,399.00	1,285.00	1,285.00	42,912	59,490,045.00
715	2021/03/03	1,350.00	-2.74	1,397.00	1,320.00	1,380.00	58,382	78,836,505.00
716	2021/03/02	1,388.00	-2.39	1,440.00	1,378.00	1,440.00	36,997	51,689,353.00
717	2021/03/01	1,422.00	1.72	1,470.00	1,350.00	1,350.00	55,455	79,035,981.00
718	2021/02/28	1,398.00	-4.57	1,535.00	1,390.00	1,535.00	72,562	102,592,430.00
719	2021/02/25	1,465.00	-1.55	1,562.00	1,455.00	1,562.00	31,161	45,857,807.00
720	2021/02/24	1,488.00	1.5	1,527.00	1,470.00	1,480.00	33,773	50,346,267.00
721	2021/02/23	1,466.00	-1.08	1,500.00	1,437.00	1,500.00	51,842	75,613,021.00
722	2021/02/22	1,482.00	-1.2	1,530.00	1,425.00	1,425.00	58,600	87,320,145.00
723	2021/02/21	1,500.00	-0.66	1,540.00	1,493.00	1,520.00	44,078	66,615,507.00
724	2021/02/18	1,510.00	0.07	1,580.00	1,480.00	1,580.00	59,141	89,201,535.00
725	2021/02/17	1,509.00	-2.33	1,550.00	1,505.00	1,545.00	60,448	91,730,808.00
726	2021/02/16	1,545.00	-1.47	1,600.00	1,531.00	1,600.00	37,227	57,774,146.00
727	2021/02/15	1,568.00	1.55	1,600.00	1,555.00	1,600.00	32,477	51,032,942.00
728	2021/02/14	1,544.00	0	1,560.00	1,507.00	1,560.00	79,734	121,701,182.00
729	2021/02/11	1,544.00	-1.4	1,597.00	1,525.00	1,597.00	80,702	124,994,412.00
730	2021/02/10	1,566.00	-0.95	1,610.00	1,546.00	1,610.00	87,682	138,613,070.00
731	2021/02/09	1,595.00	-2.15	1,630.00	1,585.00	1,630.00	80,540	176,698,235.00
732	2021/02/08	1,630.00	-0.91	1,687.00	1,625.00	1,655.00	50,500	87,420,489.00
733	2021/02/07	1,645.00	2.17	1,705.00	1,621.00	1,670.00	82,807	137,795,043.00
734	2021/02/04	1,610.00	0.56	1,630.00	1,588.00	1,605.00	50,983	82,245,803.00
735	2021/02/03	1,603.00	-2.2	1,660.00	1,595.00	1,650.00	50,986	86,456,573.00
736	2021/02/02	1,639.00	1.67	1,692.00	1,617.00	1,692.00	56,884	97,371,688.00
737	2021/02/01	1,612.00	2.68	1,625.00	1,579.00	1,598.00	68,739	110,162,250.00
738	2021/01/31	1,570.00	-1.87	1,652.00	1,564.00	1,590.00	120,409	215,175,754.00
739	2021/01/28	1,600.00	0.63	1,657.00	1,589.00	1,630.00	86,651	143,464,427.00
740	2021/01/27	1,590.00	-1.43	1,625.00	1,588.00	1,610.00	70,639	113,414,735.00
741	2021/01/26	1,613.00	-1.65	1,675.00	1,608.00	1,640.00	56,156	91,580,693.00
742	2021/01/25	1,640.00	-0.49	1,671.00	1,618.00	1,650.00	44,305	72,574,020.00
743	2021/01/24	1,648.00	1.35	1,698.00	1,633.00	1,645.00	62,712	104,388,840.00
744	2021/01/21	1,626.00	0.25	1,647.00	1,615.00	1,630.00	56,208	91,391,418.00
745	2021/01/20	1,622.00	-0.98	1,660.00	1,600.00	1,640.00	46,478	75,872,353.00
746	2021/01/19	1,638.00	-1.92	1,694.00	1,632.00	1,694.00	83,341	137,378,067.00
747	2021/01/18	1,670.00	0.91	1,720.00	1,645.00	1,720.00	51,596	86,110,281.00
748	2021/01/17	1,655.00	-0.3	1,710.00	1,650.00	1,680.00	58,166	96,985,081.00
749	2021/01/13	1,660.00	5.73	1,700.00	1,555.00	1,570.00	99,454	163,613,761.00
750	2021/01/12	1,570.00	0.77	1,588.00	1,552.00	1,578.00	31,125	48,803,243.00
751	2021/01/11	1,558.00	-0.76	1,648.00	1,546.00	1,648.00	58,524	91,183,456.00
752	2021/01/10	1,570.00	-0.57	1,600.00	1,566.00	1,585.00	70,598	111,929,890.00
753	2021/01/07	1,579.00	0.57	1,594.00	1,570.00	1,593.00	87,829	139,053,392.00
754	2021/01/06	1,570.00	-0.19	1,600.00	1,540.00	1,600.00	64,120	100,835,191.00
755	2021/01/05	1,573.00	0.83	1,600.00	1,540.00	1,560.00	57,135	89,799,994.00
756	2021/01/04	1,560.00	-2.68	1,640.00	1,557.00	1,620.00	123,483	195,752,658.00
757	2021/01/03	1,603.00	4.02	1,612.00	1,521.00	1,550.00	119,493	190,164,799.00
758	2020/12/31	1,541.00	-2.47	1,620.00	1,520.00	1,600.00	169,268	268,345,863.00
759	2020/12/30	1,580.00	8.74	1,580.00	1,462.00	1,480.00	224,404	344,469,479.00
760	2020/12/29	1,453.00	5.67	1,497.00	1,381.00	1,400.00	192,533	279,380,642.00
761	2020/12/28	1,375.00	4.64	1,384.00	1,295.00	1,332.00	157,046	211,755,575.00
762	2020/12/27	1,314.00	-0.08	1,341.00	1,295.00	1,320.00	104,528	137,653,453.00
763	2020/12/24	1,315.00	-0.38	1,337.00	1,295.00	1,320.00	74,154	97,002,618.00
764	2020/12/23	1,320.00	-1.27	1,370.00	1,292.00	1,363.00	89,708	119,354,592.00
765	2020/12/22	1,337.00	3	1,355.00	1,303.00	1,325.00	84,940	113,629,341.00
766	2020/12/21	1,298.00	5.36	1,309.00	1,180.00	1,208.00	134,143	167,442,311.00
767	2020/12/20	1,233.00	-5.81	1,310.00	1,232.00	1,300.00	223,493	283,421,222.00
768	2020/12/17	1,309.00	-1.28	1,350.00	1,301.00	1,330.00	104,251	137,719,092.00
769	2020/12/16	1,326.00	0.08	1,351.00	1,301.00	1,315.00	77,309	103,161,029.00
770	2020/12/15	1,325.00	-3.43	1,410.00	1,322.00	1,410.00	126,544	172,065,546.00
771	2020/12/14	1,372.00	5.54	1,388.00	1,315.00	1,326.00	143,723	194,545,775.00
772	2020/12/13	1,300.00	7.26	1,300.00	1,210.00	1,235.00	106,869	133,643,525.00
773	2020/12/10	1,212.00	2.8	1,228.00	1,158.00	1,185.00	91,137	109,599,592.00
774	2020/12/09	1,179.00	-3.99	1,252.00	1,171.00	1,252.00	90,439	107,321,479.00
775	2020/12/08	1,228.00	-2.54	1,300.00	1,193.00	1,280.00	128,159	161,321,084.00
776	2020/12/07	1,260.00	6.06	1,280.00	1,134.00	1,150.00	200,247	243,623,830.00
777	2020/12/06	1,188.00	-9.93	1,319.00	1,188.00	1,319.00	230,711	286,653,473.00
778	2020/12/03	1,319.00	-0.75	1,395.00	1,261.00	1,395.00	180,864	238,282,110.00
779	2020/12/02	1,329.00	9.93	1,329.00	1,209.00	1,209.00	88,071	114,932,801.00
780	2020/12/01	1,209.00	6.9	1,225.00	1,091.00	1,148.00	176,124	203,722,982.00
781	2020/11/30	1,131.00	3.76	1,144.00	1,049.00	1,140.00	124,890	137,480,874.00
782	2020/11/29	1,090.00	-2.15	1,140.00	1,085.00	1,120.00	217,422	239,842,952.00
783	2020/11/26	1,114.00	3.34	1,184.00	1,066.00	1,130.00	255,508	289,195,532.00
784	2020/11/25	1,076.00	9.8	1,078.00	990.00	1,029.00	128,930	185,459,340.00
785	2020/11/24	980.00	7.34	994.00	915.00	930.00	156,494	152,302,542.00
786	2020/11/23	913.00	1.44	940.00	890.00	906.00	146,216	133,490,397.00
787	2020/11/22	900.00	-2.7	940.00	890.00	920.00	227,401	207,377,645.00
788	2020/11/19	925.00	1.76	951.00	905.00	935.00	172,831	161,862,767.00
789	2020/11/18	909.00	9.25	915.00	832.00	832.00	254,631	227,954,002.00
790	2020/11/12	832.00	-1.3	870.00	828.00	870.00	161,379	152,414,172.00
791	2020/11/11	843.00	7.94	844.00	788.00	795.00	181,162	148,089,989.00
792	2020/11/10	781.00	1.43	800.00	774.00	775.00	117,262	92,550,810.00
793	2020/11/09	770.00	0.26	790.00	761.00	780.00	58,150	44,980,869.00
794	2020/11/08	768.00	5.49	782.00	735.00	735.00	135,628	103,546,800.00
795	2020/11/05	728.00	-0.82	740.00	728.00	732.00	31,267	22,957,745.00
796	2020/11/04	734.00	-0.68	741.00	733.00	740.00	15,817	11,663,256.00
797	2020/11/03	739.00	-0.81	750.00	730.00	750.00	42,630	31,500,625.00
798	2020/11/02	745.00	0.27	750.00	740.00	748.00	13,892	10,370,359.00
799	2020/11/01	743.00	-0.93	760.00	740.00	760.00	27,209	20,256,401.00
800	2020/10/29	750.00	-2.6	766.00	741.00	756.00	26,199	19,790,648.00
801	2020/10/28	770.00	0.79	778.00	756.00	770.00	53,224	40,587,930.00
802	2020/10/22	764.00	0.53	765.00	759.00	760.00	29,493	22,490,556.00
803	2020/10/21	760.00	0.4	763.00	755.00	755.00	14,337	10,900,692.00
804	2020/10/20	757.00	0.66	789.00	752.00	789.00	25,685	19,395,188.00
805	2020/10/19	752.00	0.13	766.00	745.00	751.00	10,947	8,329,493.00
806	2020/10/18	751.00	-0.92	773.00	750.00	772.00	27,709	20,912,996.00
807	2020/10/15	758.00	0.26	800.00	758.00	771.00	89,177	68,491,597.00
808	2020/10/14	756.00	-1.43	777.00	755.00	777.00	21,703	16,502,049.00
809	2020/10/13	767.00	0	779.00	763.00	779.00	35,859	27,592,148.00
810	2020/10/12	767.00	-0.9	785.00	765.00	780.00	37,487	29,022,270.00
811	2020/10/11	774.00	-2.4	799.00	773.00	786.00	47,721	37,224,080.00
812	2020/10/08	793.00	-0.63	813.00	788.00	800.00	86,047	68,761,406.00
813	2020/10/07	798.00	0.13	816.00	780.00	798.00	124,674	99,629,695.00
814	2020/10/06	797.00	-0.5	820.00	790.00	820.00	70,784	58,041,899.00
815	2020/10/05	801.00	-3.49	850.00	800.00	850.00	96,288	78,529,840.00
816	2020/10/04	830.00	9.5	833.00	760.00	760.00	333,235	271,656,974.00
817	2020/10/01	758.00	3.69	767.00	728.00	728.00	83,583	62,849,515.00
818	2020/09/30	731.00	-0.95	740.00	726.00	729.00	21,336	15,609,453.00
819	2020/09/29	738.00	0.41	749.00	733.00	745.00	26,831	19,775,632.00
820	2020/09/28	735.00	-0.81	751.00	735.00	745.00	16,237	11,989,655.00
821	2020/09/27	741.00	0.68	759.00	739.00	739.00	67,890	50,764,511.00
822	2020/09/24	736.00	0.14	745.00	729.00	735.00	37,231	27,443,830.00
823	2020/09/23	735.00	1.66	737.00	717.00	717.00	25,181	18,326,961.00
824	2020/09/22	723.00	-2.03	740.00	717.00	740.00	34,593	25,045,930.00
825	2020/09/21	738.00	0.54	747.00	726.00	730.00	45,902	33,789,424.00
826	2020/09/20	734.00	-0.54	760.00	725.00	750.00	61,728	45,620,711.00
827	2020/09/17	738.00	2.22	758.00	718.00	722.00	85,922	70,969,651.00
828	2020/09/16	722.00	0	729.00	715.00	720.00	41,293	29,792,150.00
829	2020/09/15	722.00	-1.23	740.00	720.00	740.00	49,499	41,394,058.00
830	2020/09/14	731.00	-1.48	750.00	728.00	745.00	83,805	66,547,199.00
831	2020/09/13	742.00	-0.27	781.00	731.00	781.00	140,387	107,635,718.00
832	2020/09/10	744.00	0.4	765.00	741.00	750.00	94,908	70,986,140.00
833	2020/09/09	741.00	0.27	765.00	739.00	745.00	168,644	126,341,412.00
834	2020/09/08	739.00	5.57	739.00	699.00	702.00	114,987	82,849,138.00
835	2020/09/07	700.00	-0.57	724.00	691.00	710.00	107,004	75,494,825.00
836	2020/09/06	704.00	-2.9	761.00	702.00	761.00	110,113	78,448,561.00
837	2020/09/03	725.00	-2.16	778.00	718.00	778.00	66,644	48,675,036.00
838	2020/09/02	741.00	2.21	761.00	725.00	761.00	155,636	114,809,777.00
839	2020/08/31	725.00	5.69	743.00	691.00	720.00	220,413	157,176,757.00
840	2020/08/27	680.00	5.1	680.00	637.00	647.00	146,662	95,188,407.00
841	2020/08/25	645.00	-0.77	660.00	635.00	660.00	48,845	31,504,511.00
842	2020/08/24	650.00	3.01	656.00	635.00	638.00	113,929	73,822,133.00
843	2020/08/23	631.00	5.34	640.00	596.00	610.00	115,729	71,987,381.00
844	2020/08/20	599.00	2.92	599.00	588.00	589.00	25,565	15,120,495.00
845	2020/08/19	582.00	-3	590.00	575.00	588.00	21,700	12,685,190.00
846	2020/08/18	600.00	4.17	600.00	574.00	587.00	21,875	12,901,910.00
847	2020/08/17	576.00	0.17	590.00	570.00	575.00	14,509	8,358,019.00
848	2020/08/16	575.00	-1.54	585.00	562.00	573.00	15,446	8,858,510.00
849	2020/08/13	584.00	-1.85	588.00	581.00	584.00	7,617	4,441,106.00
850	2020/08/12	595.00	0.34	600.00	585.00	585.00	20,209	11,967,076.00
851	2020/08/11	593.00	-1.17	605.00	588.00	597.00	21,303	12,712,613.00
852	2020/08/10	600.00	4.35	601.00	573.00	585.00	24,350	4,358,405.00
853	2020/08/09	575.00	0.88	578.00	560.00	560.00	15,901	9,067,469.00
854	2020/08/06	570.00	0	579.00	559.00	579.00	10,623	6,026,301.00
855	2020/08/05	572.00	-1.89	579.00	565.00	574.00	20,880	14,943,875.00
856	2020/08/03	583.00	0.69	594.00	560.00	560.00	13,848	8,060,450.00
857	2020/08/02	579.00	-4.3	605.00	579.00	605.00	47,024	27,748,467.00
858	2020/07/30	605.00	1.68	610.00	586.00	586.00	37,889	22,845,911.00
859	2020/07/29	595.00	-3.72	617.00	592.00	612.00	49,064	29,691,734.00
860	2020/07/28	618.00	-1.12	630.00	616.00	625.00	34,339	21,351,574.00
861	2020/07/27	625.00	0.64	637.00	618.00	625.00	63,042	40,293,974.00
862	2020/07/23	616.00	1.32	619.00	601.00	608.00	28,785	17,587,209.00
863	2020/07/22	608.00	-1.14	626.00	606.00	615.00	22,654	13,878,484.00
864	2020/07/21	615.00	0	632.00	601.00	605.00	39,417	24,207,835.00
865	2020/07/20	615.00	-8.89	690.00	608.00	690.00	57,703	36,081,760.00
866	2020/07/19	675.00	9.22	678.00	640.00	640.00	4,215	2,823,380.00
867	2020/07/16	618.00	3.34	620.00	593.00	606.00	35,812	21,707,133.00
868	2020/07/15	598.00	-0.33	610.00	584.00	610.00	20,376	12,131,770.00
869	2020/07/14	600.00	-0.17	606.00	591.00	591.00	23,739	14,212,693.00
870	2020/07/13	601.00	-0.33	615.00	599.00	610.00	19,570	11,779,934.00
871	2020/07/12	603.00	0.5	612.00	590.00	609.00	16,247	9,764,898.00
872	2020/07/09	600.00	1.69	603.00	576.00	586.00	30,465	18,063,035.00
873	2020/07/08	590.00	-1.67	612.00	586.00	600.00	42,042	25,088,530.00
874	2020/07/07	600.00	2.04	621.00	595.00	599.00	61,122	36,807,655.00
875	2020/07/06	588.00	5.57	588.00	551.00	551.00	43,649	24,953,194.00
876	2020/07/05	562.00	5.64	563.00	512.00	522.00	26,816	33,968,353.00
877	2020/07/02	536.00	-8.06	580.00	532.00	580.00	13,961	15,615,842.00
878	2020/07/01	583.00	6	595.00	561.00	561.00	44,375	25,781,114.00
879	2020/06/30	550.00	10	550.00	501.00	501.00	23,338	12,630,807.00
880	2020/06/29	498.00	8.5	499.00	414.00	450.00	32,884	14,217,706.00
881	2020/05/13	459.00	-2.96	464.00	459.00	464.00	23	10,622.00
882	2020/05/12	473.00	-2.87	478.00	473.00	478.00	82	38,846.00
883	2020/03/22	487.00	-2.6	504.00	485.00	504.00	6,300	3,086,630.00
884	2020/03/19	500.00	0.4	517.00	472.00	489.00	93,612	46,276,328.00
885	2020/03/18	497.00	-3.31	523.00	487.00	523.00	56,031	31,477,613.00
886	2020/03/17	514.00	-6.38	553.00	503.00	552.00	49,181	25,686,681.00
887	2020/03/16	549.00	0	570.00	531.00	545.00	62,775	34,574,716.00
888	2020/03/15	549.00	-4.02	600.00	539.00	600.00	136,019	75,737,311.00
889	2020/03/12	572.00	-2.72	610.00	567.00	595.00	133,489	78,248,139.00
890	2020/03/11	588.00	9.91	588.00	535.00	545.00	100,768	57,393,427.00
891	2020/03/10	535.00	-9.32	586.00	535.00	579.00	39,921	22,438,638.00
892	2020/03/05	590.00	-2.96	620.00	586.00	597.00	83,780	50,240,427.00
893	2020/03/05	608.00	-5	655.00	603.00	640.00	105,492	50,240,427.00
894	2020/03/03	640.00	2.07	669.00	605.00	627.00	124,433	79,434,633.00
895	2020/03/02	627.00	-6.7	683.00	627.00	661.00	69,446	45,711,666.00
896	2020/03/01	672.00	-5.22	712.00	668.00	709.00	133,923	92,303,520.00
897	2020/02/27	709.00	-2.34	738.00	697.00	721.00	209,359	148,967,087.00
901	2020/02/26	726.00	6.3	731.00	690.00	696.00	258,669	184,958,163.00
902	2020/02/25	683.00	0.89	693.00	672.00	677.00	92,434	63,454,775.00
903	2020/02/24	677.00	1.04	699.00	667.00	670.00	191,116	130,502,713.00
904	2020/02/23	670.00	0.45	680.00	652.00	678.00	134,267	88,909,359.00
905	2020/02/20	667.00	4.22	693.00	645.00	640.00	256,902	170,213,095.00
906	2020/02/19	640.00	2.73	647.00	610.00	615.00	234,747	147,162,913.00
907	2020/02/18	623.00	2.13	624.00	611.00	620.00	122,625	75,669,491.00
908	2020/02/17	610.00	0.99	634.00	597.00	616.00	211,415	129,490,238.00
909	2020/02/16	604.00	4.68	609.00	570.00	582.00	218,650	130,500,269.00
910	2020/02/13	577.00	-0.35	590.00	568.00	590.00	168,631	97,534,388.00
911	2020/02/12	579.00	3.76	586.00	545.00	556.00	175,730	98,445,080.00
912	2020/02/11	558.00	2.57	573.00	524.00	534.00	272,224	152,023,897.00
913	2020/02/10	544.00	4.21	568.00	517.00	520.00	251,062	136,602,463.00
914	2020/02/09	522.00	1.95	523.00	506.00	509.00	43,144	22,094,971.00
915	2020/02/06	512.00	-0.39	522.00	510.00	515.00	16,925	8,702,985.00
916	2020/02/05	514.00	-1.34	525.00	514.00	520.00	21,534	11,134,534.00
917	2020/02/04	521.00	-1.14	536.00	501.00	501.00	36,287	18,948,107.00
918	2020/02/03	527.00	-1.5	547.00	525.00	545.00	37,585	19,886,190.00
919	2020/02/02	535.00	2.49	550.00	522.00	530.00	103,631	55,360,819.00
920	2020/01/30	522.00	2.76	539.00	510.00	510.00	73,610	38,290,977.00
921	2020/01/29	508.00	0.4	519.00	507.00	509.00	42,633	21,801,221.00
922	2020/01/28	506.00	-0.98	519.00	506.00	518.00	33,455	17,052,896.00
923	2020/01/27	511.00	0.2	518.00	505.00	505.00	35,813	18,308,050.00
924	2020/01/26	505.00	-1.17	520.00	503.00	504.00	57,540	30,039,663.00
925	2020/01/23	511.00	-0.97	529.00	508.00	512.00	49,418	25,384,717.00
926	2020/01/22	516.00	-2.09	553.00	516.00	553.00	46,306	24,234,919.00
927	2020/01/21	527.00	2.33	547.00	505.00	540.00	108,179	57,012,616.00
928	2020/01/20	515.00	-4.98	552.00	511.00	552.00	110,112	58,030,955.00
929	2020/01/19	542.00	3.44	566.00	525.00	525.00	183,654	100,850,706.00
930	2020/01/16	524.00	9.85	524.00	475.00	485.00	265,414	136,002,122.00
931	2020/01/15	477.00	-2.65	490.00	477.00	481.00	35,944	17,286,612.00
932	2020/01/14	490.00	-0.2	494.00	485.00	486.00	25,187	12,311,837.00
933	2020/01/13	491.00	-0.81	505.00	487.00	503.00	40,469	19,933,345.00
934	2020/01/12	495.00	3.77	515.00	479.00	480.00	80,580	39,824,149.00
935	2020/01/09	477.00	-1.04	490.00	476.00	482.00	30,632	14,749,600.00
936	2020/01/08	482.00	1.05	490.00	471.00	478.00	24,790	11,915,265.00
937	2020/01/07	477.00	-1.45	490.00	475.00	484.00	34,035	16,318,575.00
938	2020/01/06	484.00	-1.22	499.00	478.00	499.00	77,045	37,303,255.00
939	2020/01/05	490.00	0.2	509.00	484.00	497.00	113,667	56,227,384.00
940	2020/01/02	489.00	4.49	502.00	460.00	460.00	188,130	92,149,759.00
941	2020/01/01	468.00	0.86	472.00	460.00	460.00	32,588	15,248,447.00
942	2019/12/31	464.00	-0.43	478.00	460.00	471.00	59,228	27,815,832.00
943	2019/12/30	466.00	5.67	475.00	435.00	449.00	109,063	50,168,048.00
944	2019/12/29	441.00	-1.78	463.00	433.00	433.00	31,059	13,801,113.00
945	2019/12/26	449.00	-1.75	466.00	440.00	466.00	32,960	14,781,605.00
946	2019/12/25	457.00	2.7	468.00	433.00	453.00	76,856	34,872,916.00
947	2019/12/24	445.00	-2.63	493.00	441.00	466.00	219,050	103,312,132.00
948	2019/12/23	457.00	9.86	457.00	422.00	424.00	133,065	58,560,152.00
949	2019/12/22	416.00	9.76	416.00	373.00	386.00	118,717	47,681,937.00
950	2019/12/19	379.00	6.76	382.00	355.00	361.00	33,500	12,344,165.00
951	2019/12/18	355.00	-1.39	362.00	351.00	353.00	19,055	6,781,200.00
952	2019/12/17	360.00	1.41	361.00	352.00	354.00	12,152	4,324,785.00
953	2019/12/16	355.00	-2.2	365.00	351.00	363.00	22,057	7,829,511.00
954	2019/12/15	363.00	-4.47	377.00	351.00	373.00	40,263	20,124,372.00
955	2019/12/12	380.00	-1.04	385.00	377.00	384.00	23,251	8,813,713.00
956	2019/12/11	384.00	0	385.00	380.00	383.00	15,525	5,926,390.00
957	2019/12/10	384.00	-1.03	394.00	380.00	390.00	11,930	4,586,440.00
958	2019/12/09	388.00	2.11	400.00	381.00	381.00	15,822	6,134,423.00
959	2019/12/08	380.00	-1.3	392.00	378.00	378.00	9,504	3,627,354.00
960	2019/12/05	385.00	0.26	390.00	380.00	384.00	8,767	3,373,689.00
961	2019/12/04	384.00	-1.29	394.00	384.00	391.00	10,492	4,062,094.00
962	2019/12/03	389.00	0	392.00	383.00	383.00	9,630	3,741,000.00
963	2019/12/02	389.00	-0.51	391.00	387.00	390.00	5,290	2,056,980.00
964	2019/12/01	391.00	0	400.00	384.00	385.00	2,764	1,077,020.00
965	2019/11/28	391.00	-2.01	404.00	391.00	404.00	9,550	3,754,512.00
966	2019/11/27	399.00	2.31	402.00	390.00	391.00	12,225	4,839,030.00
967	2019/11/26	390.00	-2.5	400.00	390.00	395.00	11,960	4,684,420.00
968	2019/11/25	400.00	0	404.00	392.00	404.00	13,225	5,226,779.00
969	2019/11/24	400.00	-2.44	418.00	396.00	418.00	16,263	6,496,780.00
970	2019/11/21	410.00	-2.15	417.00	405.00	412.00	12,935	5,289,875.00
971	2019/11/20	419.00	-1.41	430.00	414.00	420.00	19,960	8,393,320.00
972	2019/11/19	425.00	0.24	425.00	417.00	417.00	4,879	2,042,727.00
973	2019/11/18	424.00	-2.08	433.00	408.00	425.00	48,812	20,560,690.00
974	2019/11/17	433.00	-9.98	479.00	433.00	473.00	91,077	40,434,438.00
975	2019/11/14	481.00	-0.21	486.00	478.00	482.00	6,275	3,011,955.00
976	2019/11/13	482.00	-1.23	486.00	481.00	486.00	3,495	1,686,210.00
977	2019/11/12	488.00	-1.41	502.00	478.00	496.00	5,847	2,847,583.00
978	2019/11/11	495.00	2.7	502.00	478.00	480.00	15,827	7,801,453.00
979	2019/11/10	482.00	0.42	484.00	479.00	480.00	6,690	3,215,150.00
980	2019/11/07	480.00	-0.41	488.00	480.00	482.00	6,840	3,299,975.00
981	2019/11/06	482.00	-0.62	486.00	482.00	485.00	2,449	1,184,385.00
982	2019/11/06	485.00	0.41	499.00	482.00	483.00	4,590	1,184,385.00
983	2019/11/05	483.00	-0.41	487.00	481.00	485.00	7,355	2,226,085.00
984	2019/11/03	485.00	-2.81	491.00	484.00	491.00	4,881	2,373,134.00
985	2019/10/31	499.00	1.22	500.00	490.00	500.00	6,195	3,051,525.00
986	2019/10/24	493.00	0.82	496.00	489.00	496.00	8,650	4,246,510.00
987	2019/10/23	489.00	0.82	492.00	484.00	485.00	5,640	2,748,640.00
988	2019/10/22	485.00	0	485.00	480.00	483.00	6,586	3,176,350.00
989	2019/10/21	485.00	-0.61	489.00	480.00	483.00	13,595	6,556,275.00
990	2019/10/20	488.00	-0.61	493.00	486.00	490.00	4,776	2,335,530.00
991	2019/10/17	491.00	-0.61	495.00	490.00	495.00	4,964	2,437,388.00
992	2019/10/16	494.00	-2.76	498.00	491.00	498.00	7,310	3,613,326.00
993	2019/10/15	508.00	0	508.00	500.00	501.00	14,422	7,282,892.00
994	2019/10/14	508.00	0	509.00	501.00	508.00	12,635	6,372,734.00
995	2019/10/10	508.00	-0.97	520.00	508.00	518.00	2,520	1,293,225.00
996	2019/10/03	513.00	0.79	523.00	500.00	507.00	18,120	9,213,645.00
997	2019/10/02	509.00	-2.12	520.00	509.00	520.00	19,982	10,246,059.00
998	2019/10/01	520.00	-5.45	540.00	515.00	540.00	82,278	43,003,517.00
999	2019/09/30	550.00	3.58	552.00	529.00	529.00	12,778	7,034,740.00
1000	2019/09/29	531.00	-2.03	541.00	528.00	541.00	16,930	9,039,455.00
1001	2019/09/26	542.00	-0.55	552.00	541.00	545.00	4,810	2,618,200.00
1002	2019/09/25	545.00	-0.37	547.00	541.00	547.00	8,971	4,871,620.00
1003	2019/09/24	547.00	-1.08	559.00	543.00	558.00	18,270	10,008,563.00
1004	2019/09/23	553.00	1.84	570.00	535.00	535.00	21,656	12,052,503.00
1005	2019/09/22	543.00	-5.07	583.00	540.00	583.00	32,906	18,063,447.00
1006	2019/09/19	572.00	-2.89	606.00	572.00	599.00	89,374	52,462,571.00
1007	2019/09/18	589.00	8.27	593.00	544.00	554.00	109,458	62,427,793.00
1008	2019/09/17	544.00	9.9	544.00	504.00	504.00	38,629	20,343,219.00
1009	2019/09/16	495.00	-2.75	510.00	495.00	510.00	19,582	9,770,538.00
1010	2019/09/15	509.00	-2.49	517.00	502.00	516.00	18,418	9,368,856.00
1011	2019/09/11	528.00	-0.38	533.00	522.00	533.00	9,993	5,260,333.00
1012	2019/09/10	530.00	-1.49	539.00	525.00	536.00	6,930	3,686,785.00
1013	2019/09/09	538.00	0.56	538.00	529.00	530.00	1,758	935,700.00
1014	2019/09/08	535.00	-1.29	545.00	527.00	545.00	15,206	8,116,588.00
1015	2019/09/05	542.00	-0.37	554.00	540.00	540.00	10,886	5,937,914.00
1016	2019/09/04	544.00	-1.45	558.00	540.00	550.00	20,583	11,271,938.00
1017	2019/09/03	552.00	4.15	552.00	515.00	529.00	25,468	13,596,337.00
1018	2019/09/02	530.00	-2.75	555.00	527.00	555.00	28,416	15,151,211.00
1019	2019/09/01	545.00	-3.2	565.00	545.00	563.00	21,700	11,967,460.00
1020	2019/08/29	563.00	-1.75	580.00	560.00	575.00	15,767	8,915,920.00
1021	2019/08/28	573.00	-0.35	575.00	570.00	575.00	4,276	2,445,746.00
1022	2019/08/27	575.00	0.35	580.00	573.00	573.00	7,860	4,530,105.00
1023	2019/08/26	573.00	-0.87	574.00	570.00	571.00	10,915	6,246,270.00
1024	2019/08/25	578.00	0.17	578.00	567.00	573.00	9,424	5,388,302.00
1025	2019/08/22	577.00	-0.86	586.00	575.00	582.00	10,684	6,214,325.00
1026	2019/08/21	582.00	-0.17	584.00	576.00	576.00	12,255	7,124,830.00
1027	2019/08/20	583.00	-0.85	589.00	583.00	583.00	4,743	2,771,325.00
1028	2019/08/19	588.00	1.03	594.00	581.00	582.00	19,937	11,705,665.00
1029	2019/08/18	582.00	0.17	585.00	578.00	581.00	23,761	13,833,318.00
1030	2019/08/15	581.00	1.4	597.00	576.00	582.00	27,566	16,073,670.00
1031	2019/08/14	573.00	-0.69	579.00	571.00	571.00	4,635	2,657,670.00
1032	2019/08/13	577.00	-0.52	580.00	574.00	580.00	4,565	2,628,515.00
1033	2019/08/12	580.00	0.87	581.00	573.00	575.00	5,810	3,365,960.00
1034	2019/08/11	575.00	-0.86	585.00	570.00	570.00	10,415	6,001,240.00
1035	2019/08/08	580.00	-1.36	588.00	575.00	585.00	13,790	7,986,340.00
1036	2019/08/07	588.00	1.91	596.00	574.00	577.00	18,146	10,633,256.00
1037	2019/08/06	577.00	-1.03	589.00	574.00	589.00	13,763	7,949,938.00
1038	2019/08/05	583.00	-1.19	600.00	580.00	590.00	27,388	16,030,568.00
1039	2019/08/04	590.00	-1.34	600.00	590.00	600.00	13,070	7,729,400.00
1040	2019/08/01	598.00	-0.66	610.00	598.00	602.00	11,897	7,147,563.00
1041	2019/07/31	602.00	0.84	617.00	597.00	600.00	21,180	12,793,460.00
1042	2019/07/30	597.00	-0.33	605.00	597.00	603.00	16,437	9,869,519.00
1043	2019/07/29	599.00	-0.17	611.00	597.00	611.00	30,653	18,417,078.00
1044	2019/07/28	600.00	-2.28	610.00	597.00	610.00	34,301	20,668,157.00
1045	2019/07/25	614.00	-1.29	625.00	611.00	620.00	18,080	11,149,165.00
1046	2019/07/24	622.00	-0.48	634.00	622.00	634.00	11,085	6,922,355.00
1047	2019/07/23	625.00	0	637.00	623.00	625.00	17,637	11,086,203.00
1048	2019/07/22	625.00	0.32	630.00	616.00	616.00	23,758	14,859,603.00
1049	2019/07/21	623.00	-1.11	661.00	617.00	661.00	25,405	15,856,685.00
1050	2019/07/18	630.00	0.48	645.00	626.00	627.00	41,263	26,155,362.00
1051	2019/07/17	627.00	3.12	628.00	606.00	610.00	38,928	24,010,358.00
1052	2019/07/16	608.00	0.16	637.00	601.00	637.00	24,650	14,969,934.00
1053	2019/07/15	607.00	3.23	607.00	579.00	599.00	60,185	35,906,625.00
1054	2019/07/14	588.00	0	590.00	582.00	590.00	11,935	6,994,830.00
1055	2019/07/11	588.00	-2.16	602.00	578.00	600.00	54,007	32,002,189.00
1056	2019/07/10	601.00	-1.48	608.00	600.00	602.00	25,835	15,571,455.00
1057	2019/07/09	610.00	-0.33	613.00	605.00	607.00	14,500	8,808,480.00
1058	2019/07/08	612.00	-0.65	614.00	607.00	608.00	16,551	10,089,630.00
1059	2019/07/07	616.00	0.16	616.00	610.00	615.00	15,003	9,197,851.00
1060	2019/07/04	615.00	-0.81	624.00	611.00	624.00	18,280	11,255,840.00
1061	2019/07/03	620.00	0.32	627.00	616.00	620.00	30,698	19,085,010.00
1062	2019/07/02	618.00	-0.16	622.00	610.00	610.00	17,637	10,896,154.00
1063	2019/07/01	619.00	0.49	627.00	607.00	617.00	29,108	17,932,612.00
1064	2019/06/30	616.00	-4.35	644.00	616.00	641.00	92,576	58,071,455.00
1065	2019/06/27	644.00	-1.38	664.00	644.00	662.00	46,090	29,917,510.00
1066	2019/06/26	653.00	-0.76	657.00	650.00	650.00	17,328	11,333,430.00
1067	2019/06/25	658.00	-0.3	668.00	657.00	666.00	28,912	19,192,309.00
1068	2019/06/24	660.00	1.38	669.00	647.00	650.00	78,444	51,833,819.00
1069	2019/06/23	651.00	-0.61	660.00	647.00	650.00	26,368	17,116,693.00
1070	2019/06/20	655.00	0.31	659.00	651.00	652.00	46,254	30,313,299.00
1071	2019/06/19	653.00	-0.46	663.00	652.00	663.00	15,728	10,290,555.00
1072	2019/06/18	656.00	0	665.00	652.00	665.00	29,720	19,482,215.00
1073	2019/06/17	656.00	1.55	671.00	644.00	646.00	49,325	32,278,481.00
1074	2019/06/16	646.00	-2.71	659.00	646.00	656.00	39,141	25,516,578.00
1075	2019/06/13	664.00	-0.15	671.00	657.00	665.00	39,563	26,232,350.00
1076	2019/06/12	665.00	-0.3	670.00	656.00	662.00	64,326	42,543,343.00
1077	2019/06/11	667.00	-0.6	676.00	662.00	670.00	56,549	37,824,527.00
1078	2019/06/10	671.00	-1.03	684.00	669.00	678.00	57,870	39,050,435.00
1079	2019/06/06	678.00	0.44	688.00	672.00	685.00	114,304	77,697,287.00
1080	2019/06/04	675.00	3.05	688.00	643.00	650.00	180,829	121,311,889.00
1081	2019/06/03	655.00	-2.38	675.00	650.00	673.00	92,219	60,726,185.00
1082	2019/06/02	671.00	1.51	687.00	640.00	665.00	140,252	93,766,128.00
1083	2019/05/30	661.00	-2.65	712.00	640.00	712.00	255,064	171,965,149.00
1084	2019/05/29	679.00	5.11	710.00	650.00	678.00	298,013	204,068,471.00
1085	2019/05/28	646.00	9.86	646.00	586.00	588.00	265,038	164,404,083.00
1086	2019/05/27	588.00	5	597.00	556.00	560.00	125,412	73,178,243.00
1087	2019/05/26	560.00	2.38	589.00	542.00	550.00	84,403	47,573,271.00
1088	2019/05/23	547.00	-0.55	579.00	532.00	550.00	73,193	40,130,406.00
1089	2019/05/22	550.00	-5.98	584.00	545.00	575.00	110,790	62,108,861.00
1090	2019/05/21	585.00	-1.68	608.00	557.00	600.00	118,395	68,834,324.00
1091	2019/05/20	595.00	-5.41	678.00	580.00	660.00	399,171	255,012,475.00
1092	2019/05/19	629.00	9.97	629.00	570.00	600.00	306,224	187,090,883.00
1093	2019/05/16	572.00	10	572.00	501.00	520.00	245,337	134,108,415.00
1094	2019/05/15	520.00	-4.76	590.00	514.00	573.00	237,479	130,907,229.00
1095	2019/05/14	546.00	9.86	546.00	506.00	506.00	157,535	84,136,700.00
1096	2019/05/13	497.00	9.96	497.00	455.00	455.00	233,289	114,601,645.00
1097	2019/05/12	452.00	9.98	452.00	410.00	413.00	153,906	67,374,635.00
1098	2019/05/09	411.00	5.38	420.00	384.00	384.00	124,569	50,358,651.00
1099	2019/05/08	390.00	2.9	398.00	375.00	375.00	105,925	41,260,320.00
1101	2019/05/07	379.00	-2.32	395.00	378.00	390.00	127,407	49,075,597.00
1102	2019/05/06	388.00	8.38	393.00	355.00	375.00	132,126	49,438,432.00
1103	2019/05/05	358.00	4.07	372.00	338.00	346.00	129,045	46,349,732.00
1104	2019/05/02	344.00	4.88	349.00	322.00	322.00	74,542	25,217,282.00
1105	2019/04/30	328.00	2.5	330.00	316.00	319.00	22,059	7,140,259.00
1106	2019/04/29	320.00	-1.23	328.00	316.00	323.00	28,956	9,281,354.00
1107	2019/04/28	324.00	4.52	332.00	310.00	310.00	45,502	14,748,598.00
1108	2019/04/25	310.00	0.98	311.00	306.00	306.00	20,838	6,451,663.00
1109	2019/04/24	307.00	-0.97	311.00	305.00	306.00	22,930	7,033,530.00
1110	2019/04/23	310.00	1.64	311.00	305.00	306.00	23,310	7,136,660.00
1111	2019/04/22	305.00	0	311.00	304.00	305.00	20,035	6,140,385.00
1112	2019/04/21	305.00	-1.29	311.00	303.00	311.00	18,065	5,510,580.00
1113	2019/04/18	309.00	1.31	310.00	300.00	305.00	17,750	5,411,860.00
1114	2019/04/16	311.00	0.97	312.00	307.00	308.00	14,905	4,613,575.00
1115	2019/04/15	308.00	0.65	308.00	304.00	304.00	4,335	1,329,135.00
1116	2019/04/11	306.00	-0.65	310.00	306.00	307.00	16,100	4,957,450.00
1117	2019/04/10	308.00	-0.65	311.00	305.00	305.00	14,774	4,560,692.00
1118	2019/04/09	310.00	-5.78	323.00	308.00	323.00	14,819	4,621,118.00
1119	2019/04/07	320.00	-0.31	322.00	318.00	319.00	14,305	4,577,205.00
1120	2019/04/04	321.00	-1.23	330.00	320.00	330.00	33,290	10,775,400.00
1121	2019/04/03	325.00	-1.22	329.00	324.00	327.00	18,011	5,866,565.00
1122	2019/04/02	329.00	-0.3	336.00	325.00	327.00	38,720	12,774,320.00
1123	2019/04/01	330.00	1.54	332.00	321.00	323.00	31,990	10,489,900.00
1124	2019/03/31	325.00	-2.4	335.00	323.00	335.00	32,407	10,604,541.00
1125	2019/03/28	333.00	-2.06	353.00	323.00	323.00	78,450	26,284,816.00
1126	2019/03/26	340.00	-9.81	359.00	340.00	359.00	500	173,150.00
1127	2019/03/25	377.00	-9.81	398.00	377.00	398.00	90	34,350.00
1128	2019/03/24	418.00	-9.91	464.00	418.00	464.00	3,920	1,737,870.00