#	Date	LTP	% Change	High	Low	Open	Qty.	Turnover
1	2024/03/12	40,000.00	2.59	40,494.00	39,684.20	39,699.90	130	5,190,750.90
2	2024/03/07	38,990.00	-0.03	39,780.00	38,990.00	39,780.00	50	1,964,701.00
3	2024/03/06	39,000.00	0	39,500.00	39,000.00	39,500.00	30	1,175,001.00
4	2024/03/05	39,000.00	-0.24	39,500.00	39,000.00	39,500.00	20	785,000.00
5	2024/03/03	39,093.00	-1.3	39,900.00	38,815.00	38,815.00	100	3,927,010.00
6	2024/02/29	39,607.00	-5.47	41,100.00	39,500.00	41,100.00	100	3,999,078.00
7	2024/02/28	41,900.00	6.08	42,300.00	38,950.00	39,000.00	150	6,026,461.00
8	2024/02/27	39,499.00	0	39,500.00	38,750.00	39,500.00	40	1,564,990.00
9	2024/02/26	39,500.00	-1.25	40,443.00	39,086.00	39,200.00	81	3,206,818.10
10	2024/02/25	40,000.00	1.27	40,000.00	39,600.00	39,600.00	30	1,195,999.00
11	2024/02/22	39,500.00	1.06	39,788.90	39,398.00	39,398.00	50	1,974,859.00
12	2024/02/21	39,086.00	2.05	39,086.00	38,320.00	38,320.10	30	1,157,261.00
13	2024/02/20	38,300.00	-0.05	38,350.00	38,300.00	38,350.00	20	766,500.00
14	2024/02/18	38,318.00	-2	38,500.00	38,318.00	38,500.00	90	3,451,260.00
15	2024/02/15	39,100.00	-2.21	39,183.40	39,100.00	39,183.40	22	861,200.80
16	2024/02/14	39,983.00	-0.04	39,983.00	39,200.00	39,200.00	20	791,830.00
17	2024/02/13	40,000.00	-0.99	40,000.00	39,501.00	39,592.00	70	2,772,999.00
18	2024/02/12	40,400.00	5.35	40,400.00	39,000.00	39,000.00	51	2,031,300.00
19	2024/02/11	38,350.00	-7.14	40,474.00	38,350.00	40,474.00	60	2,360,310.00
20	2024/02/08	41,300.00	1.98	41,300.00	39,700.00	39,700.00	90	3,676,990.00
21	2024/02/07	40,500.00	-1.22	40,800.00	40,210.00	40,210.00	50	2,026,600.00
22	2024/02/06	41,000.00	1.99	41,500.00	41,000.00	41,004.00	108	4,443,500.00
23	2024/02/05	40,200.00	-1.95	40,200.00	40,200.00	40,200.00	10	402,000.00
24	2024/02/04	41,000.00	0.56	41,588.40	41,000.00	41,588.40	30	1,235,884.00
25	2024/02/01	40,773.00	-2	41,604.60	40,773.00	41,604.60	30	1,231,526.00
26	2024/01/31	41,604.60	4.03	41,604.60	39,975.00	40,100.00	180	7,310,182.00
27	2024/01/30	39,993.00	-0.02	40,000.00	39,600.00	39,600.00	200	7,962,030.00
28	2024/01/29	40,000.00	1.78	40,087.00	40,000.00	40,000.00	50	2,001,740.00
29	2024/01/28	39,301.00	-1.75	39,301.00	39,301.00	39,301.00	10	393,010.00
30	2024/01/25	40,000.00	1.54	40,600.00	39,450.00	40,099.90	110	4,418,377.00
31	2024/01/24	39,393.00	0.96	39,800.00	39,300.00	39,800.00	100	3,952,371.00
32	2024/01/23	39,020.00	-1.71	39,684.10	38,906.00	38,906.00	50	1,962,102.00
33	2024/01/22	39,700.00	-1.24	40,000.00	39,700.00	39,800.00	83	3,306,550.00
34	2024/01/21	40,200.00	0	41,000.00	39,400.00	41,000.00	110	4,403,801.00
35	2024/01/18	40,200.00	1.26	40,200.00	39,105.00	39,105.00	60	2,389,050.00
36	2024/01/17	39,700.00	0.51	39,882.00	39,100.00	39,100.00	45	1,783,230.00
37	2024/01/16	39,500.10	1.54	40,300.00	39,500.10	39,678.00	40	1,597,781.00
38	2024/01/14	38,900.00	0.39	39,525.00	38,900.00	39,525.00	30	1,179,500.00
39	2024/01/11	38,750.00	-3.09	39,185.00	38,600.00	39,185.00	60	2,335,350.00
40	2024/01/10	39,984.00	-0.04	39,984.00	38,500.70	39,200.00	80	3,131,268.00
41	2024/01/09	40,000.00	1.27	40,000.00	40,000.00	40,000.00	20	800,000.00
42	2024/01/08	39,500.00	1.28	39,781.00	38,320.00	39,781.00	117	4,577,834.00
43	2024/01/07	39,001.00	-2.5	39,200.00	39,001.00	39,200.00	20	782,010.00
44	2024/01/04	40,000.00	-5.08	41,297.20	38,868.70	41,297.20	98	3,894,301.20
45	2024/01/01	42,140.00	-1.15	43,000.00	42,140.00	43,000.00	20	851,400.00
46	2023/12/28	42,630.00	-2	42,630.00	42,630.00	42,630.00	10	426,300.00
47	2023/12/27	43,500.00	0.93	43,500.00	38,790.00	42,238.00	302	11,979,323.00
48	2023/12/24	43,100.00	-2.12	43,152.40	42,289.40	43,152.40	40	1,716,942.00
49	2023/12/21	44,033.00	6.1	44,033.00	42,200.00	42,200.00	50	2,140,360.00
50	2023/12/20	41,503.00	7.8	42,350.00	38,900.00	38,998.80	270	10,785,717.00
51	2023/12/19	38,500.00	-1.28	39,740.00	38,500.00	39,740.00	40	1,557,401.00
52	2023/12/18	39,000.00	2.63	39,400.00	38,000.00	38,700.00	160	6,179,985.00
53	2023/12/17	37,999.00	-0.52	38,800.00	37,450.00	38,800.00	80	3,024,930.00
54	2023/12/14	38,199.00	0.13	38,199.00	37,400.00	38,150.00	55	2,075,777.00
55	2023/12/13	38,150.00	0.13	38,862.00	38,150.00	38,862.00	50	1,917,220.00
56	2023/12/12	38,101.00	-2.93	39,000.00	38,000.00	39,000.00	200	7,703,820.00
57	2023/12/11	39,250.00	-1.58	39,250.00	39,000.00	39,100.00	130	5,083,560.00
58	2023/12/10	39,882.00	3.99	39,882.00	39,100.00	39,100.00	30	1,180,820.00
59	2023/12/07	38,350.10	0.34	39,200.00	37,500.10	38,000.00	120	4,616,447.00
60	2023/12/06	38,220.00	-2	39,500.00	38,220.00	39,500.00	160	6,162,850.00
61	2023/12/05	39,000.00	-6.02	42,328.00	39,000.00	42,328.00	60	2,424,017.00
62	2023/12/04	41,499.00	1.78	41,499.00	41,499.00	41,499.00	10	414,990.00
63	2023/12/03	40,773.00	0.87	41,485.00	40,773.00	41,228.00	40	1,642,591.00
64	2023/11/30	40,420.10	1.69	41,245.00	39,749.00	39,749.00	40	1,618,521.00
65	2023/11/29	39,749.90	-5.09	41,043.70	39,700.00	41,043.70	120	4,810,619.00
66	2023/11/28	41,881.30	-0.04	42,736.00	41,881.30	42,736.00	23	971,816.90
67	2023/11/27	41,900.00	-2.33	45,151.00	41,401.00	43,399.00	396	17,039,460.00
68	2023/11/26	42,900.00	6.72	44,209.00	40,474.00	41,000.00	550	23,309,326.00
69	2023/11/23	40,200.00	0.25	40,902.00	40,084.00	40,902.00	90	3,623,760.00
70	2023/11/22	40,100.00	1.01	40,400.00	39,400.00	40,000.00	100	4,006,380.00
71	2023/11/21	39,700.00	0.76	39,700.00	38,500.00	38,900.00	180	7,084,320.00
72	2023/11/20	39,400.00	3.84	41,000.00	38,702.00	38,702.00	70	2,792,030.00
73	2023/11/09	37,944.00	2	37,944.00	37,944.00	37,944.00	10	379,440.00
74	2023/11/08	37,200.00	0.81	37,490.00	36,740.20	37,490.00	50	1,861,052.00
75	2023/11/07	36,900.00	1.93	36,900.00	36,400.00	36,490.00	110	4,025,350.00
76	2023/11/06	36,200.00	1.89	36,200.00	36,200.00	36,200.00	10	362,000.00
77	2023/11/05	35,530.00	-1.31	36,190.00	35,501.00	35,525.00	140	4,980,271.00
78	2023/11/02	36,000.00	0	36,000.00	36,000.00	36,000.00	10	360,000.00
79	2023/10/31	36,000.00	1.12	36,000.00	36,000.00	36,000.00	40	1,440,000.00
80	2023/10/30	35,600.00	-1.79	36,250.30	35,525.30	36,250.30	41	1,459,355.00
81	2023/10/29	36,250.30	-0.04	36,990.00	36,250.30	36,990.00	20	732,403.00
82	2023/10/19	36,265.00	-0.23	37,000.00	36,265.00	37,000.00	60	2,195,449.00
83	2023/10/18	36,350.00	0.97	36,350.00	36,350.00	36,350.00	10	363,500.00
84	2023/10/17	36,000.00	0.42	36,564.90	36,000.00	36,500.00	90	3,278,649.00
85	2023/10/16	35,850.00	1.82	38,000.00	35,850.00	35,900.00	140	5,158,769.00
86	2023/10/12	35,210.00	-0.54	36,600.00	35,210.00	36,105.00	90	3,242,327.00
87	2023/10/11	35,400.00	0.28	35,555.00	35,400.00	35,555.00	180	6,381,430.00
88	2023/10/10	35,300.00	0.28	35,300.00	35,299.00	35,299.00	20	705,990.00
89	2023/10/09	35,200.00	1.52	35,300.00	34,900.00	35,300.00	80	2,807,990.00
90	2023/10/08	34,674.00	0.2	35,222.00	34,674.00	35,222.00	20	698,960.00
91	2023/10/05	34,605.00	-1.13	35,500.00	34,605.00	35,000.00	60	2,102,101.00
92	2023/10/04	35,000.00	-0.28	35,300.00	35,000.00	35,300.00	160	5,613,005.00
93	2023/10/02	35,100.00	0.11	35,700.00	35,000.00	35,700.00	50	1,758,011.00
94	2023/10/01	35,060.10	-1.08	35,750.00	35,060.10	35,750.00	30	1,060,101.00
95	2023/09/27	35,444.00	0.5	35,444.00	35,444.00	35,444.00	10	354,440.00
96	2023/09/26	35,266.00	-2.04	36,440.00	35,266.00	36,440.00	50	1,782,716.00
97	2023/09/25	36,000.00	0.64	36,400.00	35,900.00	36,400.00	30	1,083,000.00
98	2023/09/24	35,770.00	-3.9	36,900.00	35,770.00	36,477.89	48	1,751,678.90
99	2023/09/21	37,222.30	4.59	37,222.30	35,777.00	35,777.00	330	11,845,137.00
100	2023/09/19	35,590.00	0.25	35,590.00	35,499.90	35,500.00	30	1,065,899.00
101	2023/09/18	35,500.00	1.43	35,500.00	35,500.00	35,500.00	10	355,000.00
102	2023/09/17	35,000.00	-0.01	35,400.00	34,450.00	35,003.00	405	14,231,210.00
103	2023/09/13	35,002.00	0	35,490.00	35,002.00	35,490.00	40	1,409,440.00
104	2023/09/12	35,001.00	0	35,001.00	34,801.00	34,801.00	20	698,020.00
105	2023/09/11	35,000.00	0	35,500.00	35,000.00	35,400.00	40	1,413,999.00
106	2023/09/10	35,000.00	0.49	35,500.00	34,610.00	35,500.00	170	5,921,780.00
107	2023/09/07	34,829.20	-2	34,830.00	34,829.20	34,830.00	40	1,393,192.00
108	2023/09/05	35,540.00	1.25	35,750.00	35,540.00	35,750.00	20	712,900.00
109	2023/09/04	35,100.00	-0.23	35,700.00	35,100.00	35,700.00	210	7,491,000.00
110	2023/09/03	35,182.00	-0.22	35,900.00	35,182.00	35,900.00	260	9,257,181.00
111	2023/08/30	35,260.00	-1.51	35,900.00	35,200.00	35,850.00	633	22,468,349.00
112	2023/08/29	35,800.00	-1.1	36,400.00	35,800.00	36,400.00	184	6,676,688.00
113	2023/08/28	36,200.00	-0.28	36,399.90	35,672.00	36,399.90	50	1,799,439.00
114	2023/08/27	36,299.90	1.15	36,605.70	35,200.00	35,200.00	60	2,155,136.00
115	2023/08/24	35,888.00	-0.03	36,000.00	35,402.00	35,899.00	90	3,212,301.00
116	2023/08/23	35,900.00	-0.69	36,560.00	35,900.00	36,560.00	60	2,165,130.00
117	2023/08/22	36,150.00	0.7	36,615.00	36,150.00	36,615.00	20	727,650.00
118	2023/08/21	35,900.00	-0.28	36,000.00	35,311.00	36,000.00	290	10,334,110.00
119	2023/08/20	36,000.00	0	36,680.00	35,500.00	35,500.00	80	2,863,900.00
120	2023/08/17	36,000.00	-2.57	37,500.00	36,000.00	37,500.00	130	4,729,570.00
121	2023/08/16	36,949.00	-0.67	37,944.00	36,502.00	37,944.00	50	1,851,802.00
122	2023/08/15	37,200.00	-2.14	38,000.00	36,496.00	37,300.00	95	3,504,730.00
123	2023/08/14	38,014.20	1.91	38,790.00	38,014.20	38,040.00	30	1,148,442.00
124	2023/08/13	37,300.00	0.57	39,349.00	36,950.00	37,831.00	140	5,269,150.00
125	2023/08/10	37,090.00	1.61	37,850.00	37,090.00	37,231.00	60	2,236,560.00
126	2023/08/09	36,501.00	0.69	36,975.00	36,501.00	36,975.00	40	1,470,010.00
127	2023/08/08	36,250.00	0.55	37,500.50	36,250.00	36,771.00	200	7,342,947.00
128	2023/08/07	36,050.00	0.14	37,420.00	36,050.00	36,700.00	90	3,305,479.00
129	2023/08/06	35,999.00	-0.4	36,650.00	35,500.00	36,650.00	75	2,686,270.00
130	2023/08/03	36,142.40	-0.22	36,900.00	36,142.40	36,900.00	40	1,460,844.00
131	2023/08/02	36,221.00	0.53	36,700.00	35,511.00	36,700.00	110	3,976,020.00
132	2023/08/01	36,029.00	-2.89	37,800.00	36,029.00	37,800.00	110	4,014,950.00
133	2023/07/31	37,100.00	1.23	37,100.00	36,358.00	37,100.00	50	1,835,580.00
134	2023/07/30	36,650.00	1.52	36,700.00	35,500.00	35,500.00	70	2,537,194.00
135	2023/07/27	36,101.00	-2.43	37,700.00	36,101.00	37,700.00	180	6,586,585.00
136	2023/07/26	37,000.00	-6.33	39,500.00	36,304.10	39,500.00	420	15,433,481.00
137	2023/07/25	39,500.00	5.9	39,500.00	37,990.00	37,990.00	40	1,542,924.00
138	2023/07/24	37,300.00	-1.83	38,754.00	37,000.00	38,754.00	250	9,412,529.00
139	2023/07/23	37,995.00	-1.19	38,430.00	36,950.00	37,684.30	420	15,798,233.00
140	2023/07/20	38,453.30	3.29	39,290.00	37,684.30	37,974.00	180	6,880,225.00
141	2023/07/19	37,230.00	2.56	39,930.00	36,161.10	37,026.00	470	17,593,680.00
142	2023/07/18	36,300.00	8.39	36,499.90	32,819.30	32,819.30	816	27,990,856.80
143	2023/07/17	33,489.00	1.49	33,657.90	32,338.10	32,338.10	338	11,193,556.00
144	2023/07/16	32,998.00	1.53	32,998.00	32,890.00	32,890.00	40	1,316,870.00
145	2023/07/13	32,500.00	-0.11	32,700.00	31,886.00	32,700.00	110	3,545,860.00
146	2023/07/12	32,536.00	-0.12	33,226.00	32,536.00	33,226.00	90	2,969,375.00
147	2023/07/11	32,574.90	-0.06	32,574.90	31,310.00	31,945.00	50	1,603,410.00
148	2023/07/10	32,595.00	2.15	32,595.00	31,300.00	31,300.00	220	7,094,808.00
149	2023/07/09	31,910.00	0.03	31,915.00	31,270.00	31,270.00	60	1,908,154.00
150	2023/07/06	31,900.00	0.63	32,320.00	31,067.00	31,067.00	65	2,062,694.50
151	2023/07/05	31,701.00	-1.34	32,262.80	31,010.00	31,487.40	70	2,226,104.00
152	2023/07/04	32,130.00	0.26	32,130.00	31,500.00	31,650.00	50	1,590,200.00
153	2023/07/03	32,046.00	-1.65	32,700.00	32,046.00	32,700.00	70	2,249,960.00
154	2023/07/02	32,585.00	-2.24	32,664.00	32,010.80	32,664.00	175	5,628,203.00
155	2023/06/28	33,330.00	1.91	33,359.00	33,330.00	33,359.00	20	666,890.00
156	2023/06/27	32,705.00	-0.22	33,199.00	32,535.10	33,199.00	170	5,577,469.00
157	2023/06/26	32,777.70	-0.04	33,000.00	32,135.00	33,000.00	30	979,127.00
158	2023/06/25	32,790.00	4.08	33,333.30	32,135.00	32,135.00	40	1,310,360.00
159	2023/06/22	31,505.00	-3.48	33,952.00	31,505.00	33,288.00	205	6,716,810.00
160	2023/06/21	32,642.00	2.33	33,333.00	31,740.00	32,500.00	414	13,588,035.00
161	2023/06/20	31,899.00	1.91	31,927.00	31,301.00	31,301.00	100	3,154,020.00
162	2023/06/19	31,301.00	-3.69	32,808.00	31,100.00	31,850.00	320	10,112,504.00
163	2023/06/18	32,500.00	1.56	32,500.00	32,380.00	32,399.00	120	3,896,590.00
164	2023/06/15	32,000.00	0.16	33,238.60	30,802.10	32,586.90	240	7,646,256.00
165	2023/06/14	31,948.00	-4.12	33,900.00	31,948.00	32,655.00	242	7,916,340.20
166	2023/06/13	33,320.00	-3.14	37,838.00	32,850.00	35,086.90	425	14,580,342.00
167	2023/06/12	34,399.00	5.41	35,322.00	33,219.00	33,286.00	180	6,127,208.00
168	2023/06/11	32,634.00	6.39	33,342.70	30,200.00	30,200.00	404	13,089,766.00
169	2023/06/08	30,674.00	-2	31,000.00	30,674.00	31,000.00	30	923,510.00
170	2023/06/07	31,300.00	0.32	31,925.00	31,300.00	31,800.00	152	4,772,960.00
171	2023/06/06	31,200.00	0.65	31,742.00	30,400.00	30,400.00	130	4,062,890.00
172	2023/06/05	31,000.00	-2.9	31,400.00	30,100.00	31,300.00	110	3,408,180.00
173	2023/06/04	31,925.00	3.99	31,925.00	31,300.00	31,300.00	80	2,542,501.00
174	2023/06/01	30,700.00	2.05	31,140.00	30,000.00	30,084.00	120	3,645,440.00
175	2023/05/31	30,084.30	-10	32,758.50	30,084.30	32,758.50	310	9,450,884.00
176	2023/05/30	33,427.00	1.29	33,427.00	29,700.00	32,340.00	384	11,855,840.00
177	2023/05/28	33,000.00	7.18	33,869.00	29,004.10	31,400.00	440	13,841,093.00
178	2023/05/24	30,790.00	9.96	30,800.00	27,440.00	27,440.00	675	19,753,302.00
179	2023/05/23	28,000.00	4.87	29,370.00	26,510.00	26,510.00	1,640	46,748,329.00
180	2023/05/22	26,700.00	7.01	26,700.00	25,110.00	25,449.00	600	15,522,330.00
181	2023/05/21	24,950.00	-1.01	25,400.00	24,810.00	24,810.00	300	7,533,871.00
182	2023/05/18	25,205.00	-0.38	25,600.00	24,794.00	24,794.00	235	5,952,086.00
183	2023/05/17	25,300.00	-0.2	25,300.00	24,843.00	24,843.00	91	2,289,273.00
184	2023/05/16	25,350.00	1.44	25,350.00	25,000.00	25,000.00	195	4,910,700.00
185	2023/05/15	24,990.00	-0.04	24,990.00	24,210.00	24,510.00	300	7,366,870.00
186	2023/05/14	25,000.00	0.42	25,195.00	24,501.00	25,100.00	231	5,747,061.00
187	2023/05/11	24,895.00	1.7	24,895.00	24,480.00	24,480.00	35	866,740.00
188	2023/05/10	24,480.00	0.99	24,480.00	23,815.00	23,816.00	50	1,199,260.00
189	2023/05/09	24,241.00	4.04	24,241.00	23,766.00	23,766.00	60	1,430,710.00
190	2023/05/08	23,300.00	-0.43	24,750.00	23,300.00	23,868.00	110	2,661,033.00
191	2023/05/07	23,400.00	0	23,400.00	23,400.00	23,400.00	10	234,000.00
192	2023/05/04	23,401.00	0.87	23,664.00	23,401.00	23,600.00	50	1,179,760.00
193	2023/05/03	23,200.00	2.92	23,200.00	22,900.00	22,992.80	40	920,928.00
194	2023/05/02	22,542.00	2	22,542.00	22,542.00	22,542.00	10	225,420.00
195	2023/04/30	22,100.00	-0.45	22,100.00	22,100.00	22,100.00	10	221,000.00
196	2023/04/27	22,200.00	-5.77	23,088.80	22,200.00	23,088.80	30	679,159.00
197	2023/04/26	23,560.00	-0.8	24,225.00	23,560.00	24,225.00	40	950,950.00
198	2023/04/25	23,750.00	2.81	23,750.00	23,101.00	23,101.00	30	704,000.00
199	2023/04/24	23,100.00	-0.12	23,500.00	22,690.00	22,690.00	50	1,154,638.00
200	2023/04/23	23,127.00	2	23,127.00	23,127.00	23,127.00	20	462,540.00
201	2023/04/20	22,674.00	1.18	23,024.00	22,000.00	22,010.00	380	8,417,440.00
202	2023/04/19	22,410.00	-1.71	23,200.00	22,410.00	22,610.00	210	4,769,170.00
203	2023/04/18	22,800.00	-0.87	22,902.00	22,800.00	22,902.00	50	1,143,060.00
204	2023/04/17	23,000.00	-0.26	23,052.00	22,600.00	23,000.00	210	4,795,450.00
205	2023/04/16	23,059.30	-3.96	23,529.80	23,059.30	23,529.80	71	1,643,709.00
206	2023/04/13	24,010.00	-3.96	25,200.00	24,010.00	25,000.00	210	5,246,600.00
207	2023/04/12	25,000.00	5.04	25,000.00	23,899.00	23,899.00	120	2,918,820.00
208	2023/04/11	23,800.00	6.68	23,868.00	22,756.00	22,756.00	380	8,696,480.00
209	2023/04/10	22,310.00	1.41	22,748.00	22,200.00	22,200.00	430	9,624,240.00
210	2023/04/09	22,000.00	1.62	22,083.00	21,650.00	21,650.00	263	5,758,289.00
211	2023/04/06	21,650.00	0.68	21,650.00	21,510.00	21,510.00	95	2,051,250.00
212	2023/04/05	21,503.00	0.01	21,503.00	21,502.00	21,502.00	170	3,655,491.00
213	2023/04/04	21,500.00	0	21,550.00	21,500.00	21,500.00	270	5,805,500.00
214	2023/04/03	21,500.00	-0.46	21,500.00	21,500.00	21,500.00	10	215,000.00
215	2023/04/02	21,600.00	0	21,650.00	21,600.00	21,600.00	110	2,378,010.00
216	2023/03/30	21,600.00	0.23	21,700.00	21,590.00	21,590.00	140	3,030,200.00
217	2023/03/29	21,550.00	0.23	21,550.00	21,500.00	21,500.00	140	3,012,900.00
218	2023/03/28	21,500.00	0.47	21,500.00	21,450.00	21,455.00	65	1,396,300.00
219	2023/03/27	21,400.00	0.47	21,726.00	21,325.00	21,325.00	175	3,748,360.00
220	2023/03/26	21,300.00	1.43	21,300.00	21,000.00	21,000.00	240	5,071,570.00
221	2023/03/23	21,000.00	0.43	21,320.00	21,000.00	21,199.00	120	2,551,580.00
222	2023/03/22	20,910.00	2	20,910.00	20,850.00	20,850.00	220	4,597,950.00
223	2023/03/20	20,500.00	1.43	20,500.00	20,210.00	20,210.00	166	3,377,010.00
224	2023/03/19	20,210.00	0.32	20,210.00	20,000.00	20,145.00	140	2,808,850.00
225	2023/03/16	20,145.00	0	20,145.00	20,145.00	20,145.00	50	1,007,250.00
226	2023/03/15	20,145.00	2	20,145.00	19,900.00	19,900.00	60	1,203,300.00
227	2023/03/14	19,750.00	-0.75	19,900.00	19,750.00	19,900.00	30	594,010.00
228	2023/03/13	19,900.00	0	19,951.00	19,900.00	19,951.00	40	796,510.00
229	2023/03/12	19,900.00	0	20,300.00	19,900.00	20,297.90	160	3,211,039.00
230	2023/03/09	19,900.00	0	20,000.00	19,900.00	20,000.00	50	998,000.00
231	2023/03/05	19,900.00	0.3	20,000.00	19,900.00	20,000.00	30	599,000.00
232	2023/03/02	19,840.00	-1.98	20,000.00	19,840.00	20,000.00	80	1,594,950.00
233	2023/03/01	20,240.00	1.2	20,240.00	20,240.00	20,240.00	10	202,400.00
234	2023/02/28	20,000.00	0	20,229.00	20,000.00	20,000.00	50	1,002,390.00
235	2023/02/27	20,000.00	0.25	20,349.00	19,610.00	19,995.00	195	3,902,916.00
236	2023/02/26	19,950.00	0.76	20,100.00	19,950.00	20,000.00	50	1,000,480.00
237	2023/02/23	19,800.00	-2.65	20,300.00	19,800.00	20,300.00	191	3,838,194.00
238	2023/02/22	20,340.00	1.7	20,346.00	20,000.00	20,346.00	140	2,838,725.00
239	2023/02/20	20,000.00	-3.38	20,700.00	20,000.00	20,700.00	200	4,081,340.00
240	2023/02/16	20,700.00	-5.91	21,560.00	20,500.00	21,560.00	210	4,372,390.00
241	2023/02/15	22,000.00	8.54	22,000.00	20,500.00	20,599.00	707	14,789,091.00
242	2023/02/14	20,269.00	6.12	20,269.00	19,330.00	19,482.00	876	17,417,627.00
243	2023/02/12	19,100.00	0.53	19,844.50	19,010.00	19,074.00	445	8,632,576.50
244	2023/02/09	19,000.00	1.33	19,000.00	18,750.00	18,750.00	181	3,418,620.00
245	2023/02/08	18,750.00	1.35	18,800.00	18,500.00	18,500.00	270	5,047,680.00
246	2023/02/07	18,500.00	0.27	18,500.00	18,500.00	18,500.00	40	740,000.00
247	2023/02/06	18,450.00	0.27	18,450.00	18,450.00	18,450.00	20	369,000.00
248	2023/02/05	18,400.00	0.55	18,500.00	18,400.00	18,400.00	75	1,384,000.00
249	2023/02/02	18,300.00	-0.81	18,450.00	18,300.00	18,450.00	30	550,500.00
250	2023/02/01	18,450.00	1.26	18,450.00	18,350.00	18,350.00	30	551,500.00
251	2023/01/31	18,220.00	-1.51	18,300.00	18,200.00	18,300.00	59	1,076,900.00
252	2023/01/30	18,500.00	0.54	18,500.00	18,450.00	18,450.00	110	2,034,100.00
253	2023/01/29	18,400.00	0.44	18,400.00	18,321.00	18,325.00	55	1,009,210.00
254	2023/01/26	18,320.00	-0.7	18,450.00	18,302.00	18,450.00	40	735,220.00
255	2023/01/25	18,450.00	1.37	18,450.00	18,300.00	18,300.00	20	367,500.00
256	2023/01/23	18,200.00	-0.55	18,350.00	18,200.00	18,350.00	60	1,096,500.00
257	2023/01/18	18,300.00	0.83	18,559.00	18,300.00	18,500.00	280	5,166,210.00
258	2023/01/17	18,150.00	0	18,150.00	18,150.00	18,150.00	10	181,500.00
259	2023/01/12	18,150.00	-1.89	18,500.00	18,130.00	18,500.00	270	4,918,130.00
260	2023/01/10	18,500.00	-0.91	18,995.00	18,500.00	18,995.00	135	2,507,145.00
261	2023/01/09	18,670.00	2.3	19,050.00	18,250.00	18,250.00	230	4,266,380.00
262	2023/01/08	18,250.20	-0.27	18,300.00	18,150.00	18,300.00	70	1,276,502.00
263	2023/01/05	18,300.00	-0.27	18,717.00	18,300.00	18,717.00	50	922,520.00
264	2023/01/04	18,350.00	1.38	18,350.00	18,250.00	18,250.00	70	1,282,500.00
265	2023/01/03	18,100.00	-1.36	18,499.00	18,000.00	18,250.00	150	2,742,870.00
266	2023/01/01	18,350.00	-1.74	18,900.00	18,300.00	18,900.00	170	3,132,550.00
267	2022/12/29	18,675.00	1.49	18,768.00	18,300.00	18,300.00	202	3,747,940.00
268	2022/12/28	18,400.00	0.85	18,400.00	18,215.00	18,300.00	180	3,290,200.00
269	2022/12/27	18,245.00	-1.38	18,725.00	18,200.00	18,370.00	590	10,806,345.00
270	2022/12/22	18,500.00	0	18,865.00	18,500.00	18,865.00	230	4,310,110.00
271	2022/12/21	18,500.00	-1.58	18,550.00	18,500.00	18,500.00	80	1,482,390.00
272	2022/12/20	18,797.00	1.74	18,797.00	18,600.00	18,600.00	65	1,217,865.00
273	2022/12/19	18,475.00	-1.98	18,480.00	18,475.00	18,480.00	40	739,050.00
274	2022/12/15	18,849.00	-0.61	18,940.00	18,849.00	18,940.00	120	2,270,070.00
275	2022/12/14	18,965.00	1.97	18,965.00	18,965.00	18,965.00	20	379,300.00
276	2022/12/12	18,599.00	-0.01	18,599.00	18,590.00	18,590.00	60	1,115,850.00
277	2022/12/11	18,600.00	1.31	19,050.00	18,424.00	18,727.00	50	936,010.00
278	2022/12/07	18,360.10	-1.29	18,500.00	18,360.10	18,500.00	80	1,475,202.00
279	2022/12/06	18,600.00	0	18,600.00	18,450.00	18,450.00	60	1,112,488.00
280	2022/12/05	18,600.00	0.54	18,870.00	18,600.00	18,870.00	45	843,050.00
281	2022/12/04	18,500.00	0.46	18,500.00	18,416.00	18,421.00	60	1,108,050.00
282	2022/12/01	18,415.00	4.04	18,415.00	18,054.00	18,054.00	30	548,840.00
283	2022/11/30	17,700.00	-2.66	18,360.00	17,700.00	18,001.00	280	5,011,041.00
284	2022/11/29	18,184.00	-1.71	18,555.00	17,836.00	18,130.00	110	2,003,240.00
285	2022/11/28	18,500.00	-1.07	18,600.00	18,500.00	18,600.00	29	538,400.00
286	2022/11/27	18,700.00	0.54	18,972.00	18,600.00	18,940.00	200	3,771,940.00
287	2022/11/24	18,600.00	0	18,600.00	18,600.00	18,600.00	10	186,000.00
288	2022/11/23	18,600.00	-0.01	18,600.00	18,600.00	18,600.00	20	372,000.00
289	2022/11/22	18,601.00	-5.58	19,306.00	18,601.00	19,306.00	115	2,165,325.00
290	2022/11/17	19,700.00	-0.96	20,200.00	19,600.00	20,000.00	370	7,392,560.00
291	2022/11/16	19,891.00	1.48	19,998.80	19,891.00	19,992.00	95	1,893,933.00
292	2022/11/15	19,600.00	2.08	19,600.00	19,505.00	19,583.00	85	1,663,435.00
293	2022/11/13	19,200.00	-1.44	19,200.00	19,100.00	19,100.00	20	383,000.00
294	2022/11/13	19,200.00	-1.44	19,200.00	19,100.00	19,100.00	20	383,000.00
295	2022/11/10	19,480.00	-0.05	19,480.00	19,103.10	19,103.10	30	577,831.00
296	2022/11/09	19,490.00	-0.56	19,490.00	18,826.10	19,208.00	50	955,941.00
297	2022/11/08	19,600.00	-2	19,690.00	19,600.00	19,600.00	60	1,177,400.00
298	2022/11/07	19,999.90	0	20,300.00	19,612.00	20,010.00	160	3,203,973.00
299	2022/11/06	20,000.00	2.56	20,499.00	19,890.00	19,890.00	640	12,909,680.00
300	2022/11/03	19,500.00	6.56	19,999.00	18,666.00	18,666.00	380	7,402,563.00
301	2022/11/02	18,300.00	1.64	18,364.00	18,100.00	18,100.00	60	1,098,280.00
301	2022/11/01	18,004.00	0.02	18,300.00	18,004.00	18,300.00	20	363,040.00
302	2022/10/31	18,000.00	0	18,000.00	18,000.00	18,000.00	20	360,000.00
303	2022/10/23	18,000.00	-0.83	18,100.00	18,000.00	18,000.00	145	2,616,777.00
304	2022/10/20	18,150.00	0.17	18,150.00	18,100.00	18,100.00	30	544,000.00
305	2022/10/19	18,120.00	0	18,120.00	18,120.00	18,120.00	30	543,600.00
306	2022/10/16	18,120.00	-1.25	18,360.00	18,000.00	18,000.00	228	4,129,377.00
307	2022/10/13	18,350.00	1.94	18,360.00	18,350.00	18,360.00	40	734,110.00
308	2022/10/12	18,000.00	0.56	18,000.00	17,677.00	17,677.00	20	356,770.00
309	2022/10/11	17,900.00	0	17,900.00	17,900.00	17,900.00	30	537,000.00
310	2022/10/10	17,900.00	0.56	18,091.00	17,900.00	18,000.00	31	557,910.00
311	2022/10/09	17,800.00	-1.1	17,800.00	17,800.00	17,800.00	10	178,000.00
312	2022/09/29	17,998.00	1.99	17,998.00	17,900.00	17,900.00	20	358,980.00
313	2022/09/28	17,646.00	1.41	17,646.00	17,300.00	17,300.00	35	608,960.00
314	2022/09/27	17,400.00	-0.57	17,400.00	17,400.00	17,400.00	10	174,000.00
315	2022/09/25	17,500.00	-1.41	18,197.80	17,500.00	18,000.00	135	2,398,816.50
316	2022/09/21	17,750.00	0.28	17,750.00	17,401.00	17,401.00	30	528,010.00
317	2022/09/20	17,700.00	0.33	17,701.00	17,600.00	17,700.00	80	1,415,010.00
318	2022/09/18	17,641.00	-1.99	17,688.00	17,641.00	17,688.00	40	706,111.00
319	2022/09/15	18,000.00	-2.17	18,400.00	18,000.00	18,400.00	90	1,630,020.00
320	2022/09/14	18,400.00	1.66	18,421.00	18,400.00	18,421.00	20	368,210.00
321	2022/09/13	18,100.00	0	18,100.00	18,050.00	18,050.00	50	904,000.00
322	2022/09/12	18,100.00	-1.63	18,100.00	18,100.00	18,100.00	20	362,000.00
323	2022/09/11	18,399.90	1.66	18,399.90	18,399.90	18,399.90	10	183,999.00
324	2022/09/08	18,100.00	-0.28	18,200.00	18,100.00	18,200.00	20	363,000.00
325	2022/09/07	18,150.00	0.28	18,200.00	18,050.00	18,200.00	40	725,500.00
326	2022/09/06	18,100.00	-0.69	18,400.00	18,100.00	18,300.00	100	1,822,600.00
327	2022/09/05	18,225.00	0.69	18,225.00	18,225.00	18,225.00	10	182,250.00
328	2022/09/04	18,100.00	0.56	18,400.00	18,100.00	18,360.00	70	1,280,800.00
329	2022/09/02	18,000.00	-2.62	18,550.00	18,000.00	18,550.00	865	15,611,443.50
330	2022/09/01	18,485.00	-1.68	18,784.00	18,421.00	18,784.00	50	930,850.00
331	2022/08/31	18,800.00	0.01	18,800.00	18,600.00	18,600.00	30	561,990.00
332	2022/08/29	18,799.00	1.21	18,880.00	18,300.00	18,880.00	70	1,300,440.00
333	2022/08/28	18,575.00	0.41	18,575.00	18,201.00	18,250.00	180	3,296,460.00
334	2022/08/26	18,500.00	-0.27	18,500.00	18,400.00	18,400.00	20	369,000.00
335	2022/08/25	18,550.00	-1.59	18,600.00	18,550.00	18,600.00	20	371,500.00
336	2022/08/24	18,850.00	1.89	19,000.00	18,650.00	18,850.00	85	1,596,950.00
337	2022/08/23	18,500.00	0.85	18,720.00	18,500.00	18,710.80	71	1,324,218.00
338	2022/08/22	18,344.00	-1.85	18,500.00	18,344.00	18,500.00	60	1,106,440.00
339	2022/08/21	18,690.00	0.48	18,690.00	18,260.00	18,260.00	90	1,672,280.00
340	2022/08/17	18,600.00	2.25	18,600.00	18,554.80	18,554.80	20	371,548.00
341	2022/08/16	18,191.00	-5.62	19,660.50	18,135.00	19,660.50	175	3,230,960.50
342	2022/08/15	19,275.00	2	19,275.40	19,275.00	19,275.00	90	1,734,754.00
343	2022/08/14	18,897.50	-0.04	18,897.50	18,527.00	18,600.00	115	2,139,086.00
344	2022/08/11	18,905.00	-8.23	20,250.00	18,868.00	20,250.00	860	16,545,143.00
345	2022/08/10	20,600.00	4.3	20,600.00	19,500.00	20,100.00	1,030	20,283,228.00
346	2022/08/09	19,750.00	3.95	19,750.00	19,380.00	19,380.00	330	6,444,970.00
347	2022/08/08	19,000.00	5.59	19,793.10	18,353.60	18,353.60	2,131	41,905,556.10
348	2022/08/07	17,993.80	-0.03	17,993.80	17,641.00	17,641.00	30	532,758.00
349	2022/08/05	18,000.00	0.56	18,000.00	18,000.00	18,000.00	20	360,000.00
350	2022/08/04	17,900.00	-0.56	17,900.00	17,900.00	17,900.00	10	179,000.00
351	2022/08/03	18,000.00	0	18,000.00	18,000.00	18,000.00	10	180,000.00
352	2022/08/02	17,999.80	-0.55	17,999.80	17,950.00	17,950.00	30	538,998.00
353	2022/08/01	18,100.00	0.56	18,100.00	17,900.00	17,905.00	70	1,256,959.00
354	2022/07/31	18,000.00	1.98	18,000.00	17,751.00	17,751.00	220	3,935,290.00
355	2022/07/29	17,650.00	0.6	17,650.00	17,650.00	17,650.00	10	176,500.00
356	2022/07/28	17,545.00	-2.53	18,000.00	16,556.70	18,000.00	290	5,076,021.00
357	2022/07/27	18,000.00	0	18,000.00	18,000.00	18,000.00	20	360,000.00
358	2022/07/26	18,000.00	-1.64	18,666.00	18,000.00	18,666.00	70	1,281,660.00
359	2022/07/25	18,300.00	-1.08	18,300.00	18,230.20	18,300.00	160	2,920,126.00
360	2022/07/24	18,500.00	-0.38	18,500.00	18,200.00	18,200.00	50	913,100.00
361	2022/07/21	18,571.00	-1.21	18,950.00	18,571.00	18,950.00	20	375,210.00
362	2022/07/19	18,799.00	1.34	18,799.00	18,799.00	18,799.00	10	187,990.00
363	2022/07/17	18,551.00	1.04	18,551.00	18,400.00	18,400.00	20	369,510.00
364	2022/07/15	18,360.00	2	18,360.00	18,360.00	18,360.00	10	183,600.00
365	2022/07/14	18,000.00	1.69	18,180.00	18,000.00	18,000.00	50	903,600.00
366	2022/07/13	17,700.00	-1.69	18,005.00	17,700.00	18,005.00	20	357,050.00
367	2022/07/12	18,005.00	0	18,005.00	18,005.00	18,005.00	10	180,050.00
368	2022/07/11	18,005.00	0	18,180.00	17,817.00	18,180.00	30	540,020.00
369	2022/07/07	18,005.00	-1.61	18,300.00	18,005.00	18,005.00	40	725,100.00
370	2022/07/05	18,300.00	-0.54	18,300.00	18,300.00	18,300.00	20	366,000.00
371	2022/07/04	18,400.00	0.35	18,500.00	18,400.00	18,500.00	20	369,000.00
372	2022/07/03	18,335.00	-1.95	18,335.00	18,335.00	18,335.00	10	183,350.00
373	2022/06/30	18,700.00	1.91	18,700.00	18,350.00	18,350.00	20	370,500.00
374	2022/06/29	18,350.00	-0.27	18,400.00	18,350.00	18,400.00	20	367,500.00
375	2022/06/28	18,400.00	-1.6	18,400.00	18,400.00	18,400.00	10	184,000.00
376	2022/06/26	18,700.00	2.75	18,749.00	18,033.00	18,400.00	150	2,786,830.00
377	2022/06/23	18,200.00	0.52	18,200.00	18,200.00	18,200.00	10	182,000.00
378	2022/06/21	18,106.00	2	18,106.00	18,106.00	18,106.00	10	181,060.00
379	2022/06/20	17,751.00	-0.89	17,950.00	17,751.00	17,950.00	40	713,620.00
380	2022/06/19	17,910.00	-1.05	17,910.00	17,900.00	17,900.00	20	358,100.00
381	2022/06/17	18,100.00	0.56	18,100.00	18,100.00	18,100.00	10	181,000.00
382	2022/06/16	17,999.00	-0.01	18,000.00	17,999.00	18,000.00	30	539,990.00
383	2022/06/15	18,000.00	-2.5	18,100.00	18,000.00	18,100.00	20	361,000.00
384	2022/06/14	18,461.00	1.99	18,461.00	18,461.00	18,461.00	10	184,610.00
385	2022/06/13	18,100.00	4.1	18,100.00	17,734.70	17,734.70	110	1,966,941.00
386	2022/06/10	17,387.00	-5.25	18,100.00	17,386.00	18,000.00	70	1,239,980.00
387	2022/06/09	18,350.00	-0.81	18,499.00	18,350.00	18,499.00	40	738,470.00
388	2022/06/08	18,499.00	2.04	18,499.00	18,100.00	18,100.00	30	547,990.00
389	2022/06/07	18,129.60	-2	18,129.60	18,129.60	18,129.60	10	181,296.00
390	2022/06/06	18,499.00	3.55	18,499.00	18,200.00	18,200.00	20	366,990.00
391	2022/06/03	17,864.00	-3.95	18,227.10	17,864.00	18,227.10	30	543,182.00
392	2022/06/01	18,599.00	-0.07	18,600.00	18,599.00	18,600.00	20	371,990.00
393	2022/05/31	18,611.90	-2.04	18,620.00	18,247.60	18,620.00	80	1,472,147.00
394	2022/05/27	19,000.00	-0.47	19,000.00	19,000.00	19,000.00	10	190,000.00
395	2022/05/26	19,089.90	1.99	19,089.90	19,089.90	19,089.90	10	190,899.00
396	2022/05/25	18,717.00	2	18,717.00	18,717.00	18,717.00	10	187,170.00
397	2022/05/24	18,350.00	0.27	18,350.00	18,350.00	18,350.00	10	183,500.00
398	2022/05/23	18,300.00	-0.81	18,490.00	18,300.00	18,490.00	30	550,900.00
399	2022/05/20	18,450.00	-1.6	18,600.00	18,450.00	18,600.00	20	370,500.00
400	2022/05/18	18,750.00	0.81	18,750.00	18,750.00	18,750.00	10	187,500.00
401	2022/05/11	18,600.00	0.54	18,600.00	18,300.00	18,300.00	30	552,000.00
402	2022/05/09	18,500.00	-0.54	18,600.00	18,500.00	18,600.00	20	371,000.00
403	2022/05/05	18,600.00	-1.85	18,600.00	18,600.00	18,600.00	10	186,000.00
404	2022/05/04	18,950.00	0	18,950.00	18,950.00	18,950.00	10	189,500.00
405	2022/04/28	18,950.00	-1.81	18,950.00	18,600.00	18,914.00	60	1,132,140.00
406	2022/04/27	19,299.00	1.57	19,299.00	19,299.00	19,299.00	10	192,990.00
407	2022/04/26	19,000.00	1.6	19,000.00	19,000.00	19,000.00	10	190,000.00
408	2022/04/25	18,700.00	1.62	18,700.00	18,700.00	18,700.00	10	187,000.00
409	2022/04/21	18,402.00	-1.59	18,700.00	18,402.00	18,700.00	30	555,050.00
410	2022/04/19	18,700.00	-0.53	18,700.00	18,424.00	18,424.00	20	371,240.00
411	2022/04/18	18,800.00	-1.57	18,800.00	18,800.00	18,800.00	20	376,000.00
412	2022/04/17	19,100.00	-0.25	19,140.00	19,100.00	19,140.00	40	764,800.00
413	2022/04/13	19,147.00	2	19,147.00	19,000.00	19,000.00	30	571,470.00
414	2022/04/12	18,772.00	-1.72	18,772.00	18,404.00	18,718.00	40	742,980.00
415	2022/04/11	19,100.00	-1.54	19,398.00	19,100.00	19,398.00	110	2,130,520.00
416	2022/04/07	19,398.00	0.11	19,398.00	19,377.00	19,377.00	60	1,162,830.00
417	2022/04/06	19,377.00	1.45	19,377.00	19,100.00	19,100.00	29	556,670.00
418	2022/04/05	19,100.00	3.23	19,100.00	18,800.00	18,800.00	40	758,720.00
419	2022/04/03	18,502.00	-3.13	18,718.00	18,502.00	18,718.00	20	372,200.00
420	2022/03/31	19,100.00	0.52	19,100.00	19,100.00	19,100.00	10	191,000.00
421	2022/03/30	19,002.00	-1.95	19,002.00	19,002.00	19,002.00	10	190,020.00
422	2022/03/27	19,379.90	2	19,379.90	19,379.90	19,379.90	10	193,799.00
423	2022/03/24	19,000.00	-0.52	19,200.00	19,000.00	19,200.00	20	382,000.00
424	2022/03/23	19,100.00	-1.8	19,105.00	19,100.00	19,105.00	80	1,528,310.00
425	2022/03/20	19,450.00	-0.26	19,500.00	19,450.00	19,500.00	30	584,500.00
426	2022/03/16	19,500.00	0	19,800.00	19,500.00	19,800.00	45	883,500.00
427	2022/03/14	19,500.00	0.62	19,500.00	19,500.00	19,500.00	10	195,000.00
428	2022/03/13	19,380.00	1.07	19,449.00	18,800.00	19,173.90	80	1,536,767.00
429	2022/03/10	19,173.90	3.09	19,173.90	18,798.00	18,798.00	80	1,507,659.00
430	2022/03/09	18,600.00	0.74	18,600.00	18,600.00	18,600.00	10	186,000.00
431	2022/03/07	18,463.00	2	18,463.00	18,400.00	18,400.00	30	552,630.00
432	2022/03/06	18,101.00	-1.25	18,500.00	18,101.00	18,500.00	30	548,010.00
433	2022/03/02	18,331.00	-1.97	18,500.00	18,331.00	18,500.00	30	553,310.00
434	2022/02/28	18,700.00	-1.58	18,700.00	18,700.00	18,700.00	10	187,000.00
435	2022/02/27	19,000.00	1.88	19,000.00	18,995.00	18,995.00	30	569,950.00
436	2022/02/24	18,650.00	0.1	19,000.00	18,650.00	19,000.00	50	942,990.00
437	2022/02/23	18,632.00	-1.94	19,000.00	18,632.00	19,000.00	60	1,121,600.00
438	2022/02/22	19,000.00	0	19,000.00	19,000.00	19,000.00	10	190,000.00
439	2022/02/21	19,000.00	1.6	19,000.00	18,900.00	18,900.00	30	569,000.00
440	2022/02/20	18,700.00	-1.58	19,000.00	18,700.00	19,000.00	20	377,000.00
441	2022/02/17	19,000.00	0	19,000.00	19,000.00	19,000.00	20	380,000.00
442	2022/02/16	19,000.00	0	19,000.00	19,000.00	19,000.00	10	190,000.00
443	2022/02/15	19,000.00	0	19,000.00	19,000.00	19,000.00	43	817,000.00
444	2022/02/14	19,000.00	0	19,000.00	19,000.00	19,000.00	10	190,000.00
445	2022/02/13	19,000.00	-1.04	19,000.00	19,000.00	19,000.00	20	380,000.00
446	2022/02/10	19,200.00	0.52	19,200.00	19,200.00	19,200.00	10	192,000.00
447	2022/02/09	19,100.00	-1.45	19,100.00	19,050.00	19,050.00	20	381,500.00
448	2022/02/08	19,382.00	2	19,382.00	19,381.00	19,381.00	20	387,630.00
449	2022/02/06	19,002.00	0	19,050.00	19,002.00	19,050.00	20	380,520.00
450	2022/02/03	19,002.00	-0.25	19,100.00	19,002.00	19,100.00	20	381,020.00
451	2022/01/30	19,050.00	0.26	19,050.00	18,702.00	18,702.00	60	1,137,520.00
452	2022/01/27	19,000.00	0	19,000.00	19,000.00	19,000.00	10	190,000.00
453	2022/01/24	19,000.00	-0.65	19,125.00	18,803.00	19,125.00	110	2,083,311.00
454	2022/01/23	19,125.00	0	19,500.00	19,125.00	19,300.00	30	579,250.00
455	2022/01/20	19,125.00	0.13	19,125.00	19,125.00	19,125.00	20	382,500.00
456	2022/01/19	19,100.00	-0.52	19,100.00	19,050.00	19,100.00	50	954,000.00
457	2022/01/18	19,200.00	0.99	19,600.00	19,200.00	19,392.10	140	2,721,842.00
458	2022/01/17	19,012.00	-2.5	19,400.00	19,012.00	19,205.00	170	3,252,556.00
459	2022/01/16	19,500.00	0	19,500.00	19,203.00	19,500.00	50	968,100.00
460	2022/01/12	19,500.00	0.52	19,500.00	19,500.00	19,500.00	60	1,170,000.00
461	2022/01/11	19,400.00	1.24	19,450.00	19,250.00	19,250.00	80	1,552,899.00
462	2022/01/10	19,162.00	-0.72	19,162.00	19,112.00	19,112.00	70	1,340,340.00
463	2022/01/09	19,300.00	0.78	19,533.00	19,160.00	19,200.00	80	1,541,611.00
464	2022/01/06	19,150.10	0.39	19,150.10	19,075.00	19,075.00	30	573,252.00
465	2022/01/05	19,075.00	-0.13	19,075.00	19,050.00	19,050.00	70	1,334,498.00
466	2022/01/04	19,100.00	0	19,409.00	19,100.00	19,100.30	60	1,155,273.00
467	2022/01/03	19,100.00	0.26	19,400.00	18,815.00	18,815.00	120	2,301,433.00
468	2022/01/02	19,050.00	-0.24	19,200.00	19,000.00	19,000.00	50	955,500.00
469	2021/12/29	19,096.00	1.57	19,176.00	19,000.00	19,175.00	50	956,230.00
470	2021/12/28	18,800.00	-1.05	18,900.00	18,800.00	18,900.00	20	377,000.00
471	2021/12/27	19,000.00	-0.52	19,480.00	19,000.00	19,200.00	70	1,345,650.00
472	2021/12/26	19,100.00	1.06	19,110.00	19,000.00	19,000.00	65	1,239,700.00
473	2021/12/23	18,900.00	-0.53	19,150.00	18,900.00	19,000.00	60	1,143,300.00
474	2021/12/22	19,000.00	0	19,000.00	19,000.00	19,000.00	40	760,000.00
475	2021/12/21	19,000.00	0.8	19,227.00	19,000.00	19,227.00	30	572,270.00
476	2021/12/20	18,850.00	0.8	18,850.00	18,850.00	18,850.00	10	188,500.00
477	2021/12/16	18,900.00	1.07	18,900.00	18,900.00	18,900.00	20	565,000.00
478	2021/12/15	18,700.00	-3.17	19,000.00	18,700.00	19,000.00	40	755,758.00
479	2021/12/13	19,312.00	4.03	19,312.00	18,201.00	18,500.00	110	2,039,485.00
480	2021/12/12	18,564.00	2	18,564.00	18,564.00	18,564.00	20	371,280.00
481	2021/12/09	18,200.00	0.25	18,250.00	18,200.00	18,250.00	20	364,500.00
482	2021/12/08	18,155.00	-1.34	18,400.00	18,050.00	18,150.00	70	1,271,680.00
483	2021/12/07	18,401.00	0.01	18,768.00	18,401.00	18,768.00	20	371,690.00
484	2021/12/06	18,400.00	-2.64	18,550.00	18,400.00	18,550.00	40	739,500.00
485	2021/12/05	18,900.00	3.56	18,900.00	18,616.00	18,616.00	20	375,160.00
486	2021/12/02	18,251.00	-0.27	19,000.00	18,251.00	18,666.00	70	1,312,360.00
487	2021/11/30	18,300.00	-1.74	18,300.00	18,300.00	18,300.00	10	183,000.00
488	2021/11/29	18,625.00	-1.97	18,900.00	18,625.00	18,900.00	82	1,544,850.00
489	2021/11/28	19,000.00	-1.53	19,000.00	18,910.00	18,950.00	80	1,514,500.00
490	2021/11/25	19,295.00	1.55	19,295.00	19,001.00	19,001.00	50	961,760.00
491	2021/11/24	19,001.00	-0.02	19,005.00	19,001.00	19,005.00	23	437,063.00
492	2021/11/23	19,005.00	-1.02	19,100.00	19,005.00	19,100.00	60	1,141,291.00
493	2021/11/21	19,200.00	-0.56	19,599.00	19,200.00	19,599.00	40	774,064.00
494	2021/11/18	19,308.10	-1.49	19,700.00	19,308.10	19,700.00	20	390,081.00
495	2021/11/17	19,600.00	-2	20,000.00	19,600.00	20,000.00	80	1,573,500.00
496	2021/11/16	19,999.00	0.6	20,277.60	19,092.80	19,482.40	285	5,642,671.00
497	2021/11/11	19,880.00	1.95	19,880.00	19,109.10	19,109.10	80	1,556,452.00
498	2021/11/09	19,499.00	1.73	19,499.00	19,200.00	19,490.00	40	776,790.00
499	2021/11/08	19,167.00	1.95	19,558.00	19,167.00	19,175.00	40	770,760.00
500	2021/11/03	18,800.00	-3.84	19,159.00	18,800.00	19,159.00	30	568,590.00
501	2021/11/01	19,550.00	-0.81	19,600.00	19,550.00	19,600.00	30	587,500.00
502	2021/10/31	19,710.00	3.67	19,736.00	19,350.00	19,350.00	70	1,376,680.00
503	2021/10/28	19,012.00	-2	19,012.00	19,012.00	19,012.00	20	380,240.00
504	2021/10/27	19,400.00	1.04	19,400.00	19,100.00	19,100.00	50	963,500.00
505	2021/10/26	19,200.00	0.3	19,500.00	19,200.00	19,500.00	20	387,000.00
506	2021/10/25	19,142.90	-2	19,142.90	19,142.80	19,142.90	30	574,286.00
507	2021/10/24	19,533.50	4.18	19,533.50	18,775.00	18,775.00	100	1,930,400.00
508	2021/10/21	18,750.20	0.27	19,000.00	18,750.20	19,000.00	50	947,502.00
509	2021/10/20	18,700.00	-0.52	18,700.00	18,700.00	18,700.00	30	561,000.00
510	2021/10/19	18,798.00	-1.06	18,798.00	18,620.00	18,650.00	50	934,180.00
511	2021/10/18	18,999.00	0.45	18,999.00	18,650.00	18,650.00	30	563,490.00
512	2021/10/11	18,914.00	-4.23	19,355.00	18,914.00	19,355.00	40	764,830.00
513	2021/10/10	19,750.00	2.2	20,101.00	19,590.00	19,710.00	195	3,874,231.00
514	2021/10/06	19,324.00	1.71	19,686.00	19,000.00	19,000.00	94	1,818,396.00
515	2021/10/05	19,000.00	1.33	19,000.00	19,000.00	19,000.00	20	380,000.00
516	2021/10/04	18,750.00	0.48	18,750.00	18,750.00	18,750.00	20	375,000.00
517	2021/10/03	18,660.00	-0.74	19,100.00	18,660.00	19,100.00	70	1,315,970.00
518	2021/09/30	18,800.00	0	19,176.00	18,800.00	19,176.00	50	951,280.00
519	2021/09/29	18,800.00	-3.09	19,100.00	18,800.00	19,100.00	20	379,000.00
520	2021/09/28	19,399.00	-1.28	19,650.00	19,399.00	19,650.00	20	390,490.00
521	2021/09/26	19,650.00	1.39	19,650.00	19,650.00	19,650.00	10	196,500.00
522	2021/09/23	19,380.00	-0.61	19,380.00	19,000.00	19,200.00	60	1,154,800.00
523	2021/09/22	19,498.00	2.22	19,500.00	19,200.00	19,200.00	90	1,747,430.00
524	2021/09/21	19,074.00	0.33	19,074.00	18,631.00	18,700.00	80	1,497,278.00
525	2021/09/20	19,012.00	-2	19,200.00	19,012.00	19,050.00	130	2,480,930.00
526	2021/09/16	19,400.00	-0.77	19,700.00	19,159.00	19,350.00	80	1,546,330.00
527	2021/09/15	19,550.00	-0.51	19,650.00	19,400.00	19,650.00	70	1,369,000.00
528	2021/09/14	19,650.00	0.1	20,022.40	19,650.00	20,000.00	40	796,948.00
529	2021/09/13	19,630.00	1.18	19,630.00	18,850.00	19,100.00	320	6,184,842.50
530	2021/09/12	19,400.40	-0.51	20,300.00	18,995.00	19,400.00	370	7,102,446.00
531	2021/09/09	19,500.00	-2.84	20,100.00	19,500.00	20,100.00	60	1,181,940.00
532	2021/09/08	20,070.40	-2	20,800.00	20,070.40	20,800.00	265	5,411,758.00
533	2021/09/08	20,070.40	-2	20,800.00	20,070.40	20,800.00	265	5,411,758.00
534	2021/09/07	20,480.00	5.03	20,699.00	19,890.00	19,890.00	645	13,038,998.00
535	2021/09/06	19,500.00	1.22	19,500.00	19,000.00	19,000.00	80	1,546,340.00
536	2021/09/05	19,265.00	-1.03	19,700.00	19,257.00	19,700.00	80	1,556,380.00
537	2021/09/02	19,466.00	-1.93	19,466.00	19,466.00	19,466.00	10	194,660.00
538	2021/09/01	19,850.00	0.76	19,850.00	19,700.00	19,700.00	30	592,500.00
539	2021/08/31	19,700.00	1.02	19,800.00	19,565.00	19,700.00	60	1,180,650.00
540	2021/08/29	19,501.00	-0.4	19,600.00	19,501.00	19,600.00	20	391,010.00
541	2021/08/26	19,580.00	0	19,620.00	19,580.00	19,581.00	80	1,567,620.00
542	2021/08/24	19,580.00	-1.9	20,000.00	19,580.00	20,000.00	70	1,390,420.00
543	2021/08/19	19,960.00	-0.2	20,000.00	19,800.00	19,801.00	90	1,788,720.00
544	2021/08/18	20,000.00	-0.45	20,250.00	20,000.00	20,200.00	110	2,215,355.00
545	2021/08/17	20,090.00	-1.25	20,500.00	20,090.00	20,500.00	70	1,414,800.00
546	2021/08/16	20,344.00	-0.27	20,344.00	19,992.00	20,000.00	70	1,404,950.00
547	2021/08/15	20,400.00	4.1	21,200.00	19,988.90	19,988.90	254	5,217,020.00
548	2021/08/12	19,597.00	-1.78	19,951.20	19,560.00	19,953.00	60	1,179,052.00
549	2021/08/11	19,953.00	-2	20,400.00	19,953.00	20,360.00	60	1,209,960.00
550	2021/08/10	20,360.00	1.89	20,380.00	19,972.40	20,380.00	210	4,248,534.00
551	2021/08/09	19,982.00	2	19,982.00	19,982.00	19,982.00	10	199,820.00
552	2021/08/08	19,590.20	-0.09	19,990.00	19,590.20	19,900.00	78	1,550,253.00
553	2021/08/05	19,608.00	-3.4	20,000.00	19,608.00	20,000.00	110	2,161,089.00
554	2021/08/04	20,298.00	3.55	20,298.00	19,900.00	19,901.00	60	1,207,940.00
555	2021/08/03	19,602.00	-3.79	20,000.00	19,602.00	20,000.00	100	1,989,778.00
556	2021/08/02	20,375.00	0.99	20,375.00	20,375.00	20,375.00	10	203,750.00
557	2021/08/01	20,175.00	2.42	20,493.00	20,092.00	20,092.00	90	1,823,480.00
558	2021/07/29	19,698.10	-2	19,698.10	19,698.10	19,698.10	10	196,981.00
559	2021/07/28	20,100.10	0	20,500.00	20,100.10	20,500.00	75	1,521,636.50
560	2021/07/27	20,100.00	-0.74	20,449.80	20,100.00	20,449.80	20	405,498.00
561	2021/07/26	20,250.00	0.25	20,300.00	20,200.00	20,300.00	50	1,013,470.00
562	2021/07/25	20,200.00	1.05	20,388.00	19,981.00	20,387.50	110	2,225,475.00
563	2021/07/22	19,989.70	0.45	20,298.00	19,989.70	20,298.00	40	808,837.00
564	2021/07/20	19,900.00	1.53	20,349.80	19,900.00	19,992.00	40	805,418.00
565	2021/07/19	19,600.00	-0.96	20,185.00	19,600.00	19,700.00	230	4,587,900.00
566	2021/07/18	19,790.00	2.04	19,800.00	19,780.00	19,780.00	30	593,700.00
567	2021/07/15	19,395.00	-2	19,441.00	19,395.00	19,441.00	180	3,492,310.00
568	2021/07/13	19,790.00	-0.55	19,790.00	19,503.00	19,510.00	40	785,530.00
569	2021/07/12	19,900.00	-0.4	19,900.00	19,900.00	19,900.00	10	199,000.00
570	2021/07/11	19,980.00	0.91	19,980.00	19,980.00	19,980.00	10	199,800.00
571	2021/07/08	19,800.00	2.51	19,800.00	19,698.00	19,700.00	40	788,990.00
572	2021/07/07	19,315.00	-1.95	19,351.00	19,315.00	19,351.00	60	1,160,360.00
573	2021/07/06	19,700.00	0	19,700.00	19,306.00	19,700.00	54	1,055,818.00
574	2021/07/05	19,700.00	1.81	19,700.00	19,700.00	19,700.00	10	197,000.00
575	2021/07/04	19,350.00	-1.53	19,350.00	19,350.00	19,350.00	20	387,000.00
576	2021/07/01	19,650.00	-1.73	19,800.00	19,600.00	19,800.00	30	590,500.00
577	2021/06/30	19,995.00	0.48	20,000.00	19,995.00	20,000.00	30	599,950.00
578	2021/06/29	19,900.00	1.02	20,090.00	19,800.00	20,000.00	65	1,298,080.00
579	2021/06/28	19,700.00	-1.94	20,000.00	19,700.00	20,000.00	40	796,900.00
580	2021/06/27	20,089.00	-0.2	20,500.00	19,700.00	20,500.00	60	1,202,290.00
581	2021/06/24	20,130.00	-0.04	20,130.00	19,737.00	19,750.00	30	596,170.00
582	2021/06/23	20,139.00	0.75	20,300.00	19,900.00	19,990.00	50	1,005,080.00
583	2021/06/22	19,990.00	4	19,997.00	19,605.00	19,605.00	50	995,720.00
584	2021/06/21	19,221.00	-1.95	19,300.00	19,221.00	19,300.00	30	577,420.00
585	2021/06/20	19,604.00	-1.98	19,604.00	19,604.00	19,604.00	40	784,160.00
586	2021/06/17	20,000.00	1.52	20,094.00	19,800.00	20,093.00	70	1,394,870.00
587	2021/06/16	19,700.00	-1.49	20,397.00	19,700.00	20,397.00	90	1,801,970.00
588	2021/06/15	19,998.00	0	19,998.00	19,816.00	19,900.00	60	1,191,960.00
589	2021/06/14	19,998.00	1.31	20,000.00	19,600.00	19,740.00	141	2,800,464.00
590	2021/06/13	19,740.00	1.48	19,412.00	19,412.00	19,412.00	50	1,573,910.00
591	2021/06/10	19,412.00	2	19,310.00	19,310.00	19,310.00	10	585,210.00
592	2021/06/09	19,310.00	-1.53	19,320.00	19,310.00	19,320.00	45	869,150.00
593	2021/06/08	19,610.00	-0.58	20,050.00	19,610.00	19,930.00	90	1,787,200.00
594	2021/06/07	19,725.00	0.64	19,810.00	19,700.00	19,700.00	90	1,777,975.00
595	2021/06/06	19,600.00	-1.14	20,000.00	19,600.00	20,000.00	90	1,776,720.00
596	2021/06/03	19,826.00	-0.87	20,200.00	19,826.00	20,200.00	95	1,897,670.00
597	2021/06/02	19,891.00	-0.02	20,000.00	19,894.00	19,894.00	35	1,089,375.00
598	2021/06/01	20,000.00	-1.48	20,300.00	20,300.00	20,300.00	30	998,440.00
599	2021/05/31	20,300.00	0.5	20,300.00	20,000.00	20,001.00	80	1,609,990.00
600	2021/05/30	20,200.00	1	20,800.00	20,000.00	20,000.00	255	5,218,550.00
601	2021/05/27	20,399.00	1.99	20,400.00	19,676.00	19,700.00	145	2,919,750.00
602	2021/05/25	20,000.00	-0.74	20,552.00	19,900.00	20,552.00	110	2,210,590.00
603	2021/05/24	20,150.00	0	20,552.00	20,141.00	20,552.00	80	1,617,350.00
604	2021/05/23	20,150.00	-1.63	20,400.00	20,150.00	20,400.00	40	812,000.00
605	2021/05/20	20,483.00	-1.99	21,130.00	20,483.00	21,130.00	95	1,955,205.00
606	2021/05/19	20,899.00	-0.81	20,899.00	20,651.00	20,710.00	60	1,245,070.00
607	2021/05/18	21,070.00	0.19	21,100.00	20,613.00	21,100.00	150	3,130,740.00
608	2021/05/17	21,030.00	-1.27	21,650.00	20,900.00	21,650.00	115	2,421,350.00
609	2021/05/16	21,300.00	0.95	21,350.00	20,950.00	21,250.00	160	3,389,200.00
610	2021/05/13	21,100.00	-1.54	23,180.00	20,993.00	21,858.00	330	7,254,850.00
611	2021/05/12	21,430.00	9.62	21,505.00	19,159.00	19,550.00	875	17,944,995.00
612	2021/05/11	19,550.00	2.47	19,550.00	19,079.00	19,079.00	116	2,252,270.00
613	2021/05/09	19,079.00	0	19,079.00	19,079.00	19,079.00	10	190,790.00
614	2021/05/06	19,079.00	2	19,079.00	19,079.00	19,079.00	10	190,790.00
615	2021/05/05	18,705.00	-0.77	19,100.00	18,705.00	18,852.00	90	1,699,230.00
616	2021/05/04	18,851.00	-0.27	18,903.00	18,625.00	18,903.00	61	1,146,941.00
617	2021/05/03	18,902.00	-0.52	19,279.00	18,901.00	18,901.00	50	953,610.00
618	2021/05/02	19,000.00	-0.33	19,430.00	19,000.00	19,430.00	50	958,610.00
619	2021/04/29	19,062.00	-1.99	19,062.00	19,061.00	19,061.00	20	381,230.00
620	2021/04/28	19,450.00	-0.13	19,600.00	19,450.00	19,500.00	30	585,500.00
621	2021/04/27	19,476.00	2	19,476.00	19,400.00	19,400.00	20	388,760.00
622	2021/04/26	19,095.00	0.26	19,095.00	19,000.00	19,045.00	40	762,350.00
623	2021/04/25	19,045.00	-2.03	19,433.00	19,045.00	19,052.00	30	575,300.00
624	2021/04/22	19,440.00	0.73	19,440.00	19,440.00	19,440.00	10	194,400.00
625	2021/04/21	19,300.00	0.03	19,500.00	19,260.00	19,300.00	50	966,600.00
626	2021/04/20	19,294.00	0.48	19,294.00	18,916.00	18,916.00	30	575,030.00
627	2021/04/19	19,201.00	-0.51	19,300.00	19,201.00	19,300.00	50	961,060.00
628	2021/04/18	19,300.00	-1.03	19,300.00	19,300.00	19,300.00	10	193,000.00
629	2021/04/15	19,500.00	1.1	19,500.00	19,150.00	19,150.00	80	1,542,510.00
630	2021/04/13	19,287.00	-3.07	20,049.00	19,287.00	19,500.00	100	1,980,410.00
631	2021/04/12	19,897.00	1.51	19,897.00	19,600.00	19,600.00	20	394,970.00
632	2021/04/07	19,601.00	-1.99	19,601.00	19,601.00	19,601.00	10	196,010.00
633	2021/04/06	20,000.00	1.08	20,182.00	20,000.00	20,182.00	40	801,820.00
634	2021/04/05	19,787.00	-2	19,790.00	19,787.00	19,790.00	50	989,380.00
635	2021/04/04	20,190.00	-0.54	20,190.00	19,905.00	20,000.00	50	1,000,050.00
636	2021/04/01	20,300.00	0.5	20,300.00	19,797.00	20,200.00	140	2,813,450.00
637	2021/04/01	20,200.00	-0.98	20,200.00	19,992.00	19,992.00	60	2,813,450.00
638	2021/03/30	20,400.00	1.49	20,400.00	20,100.00	20,100.00	20	405,000.00
639	2021/03/29	20,100.00	1.01	20,199.00	19,800.00	20,199.00	100	1,992,990.00
640	2021/03/25	19,900.00	0.16	19,990.00	19,600.00	19,900.00	50	993,800.00
641	2021/03/24	19,869.00	3.43	19,869.00	19,400.00	19,500.00	121	2,368,610.00
642	2021/03/23	19,210.00	-1.99	19,210.00	19,210.00	19,210.00	10	192,100.00
643	2021/03/22	19,600.00	0.51	19,600.00	19,600.00	19,600.00	10	196,000.00
644	2021/03/21	19,500.00	2.82	19,727.00	19,341.00	19,341.00	30	585,680.00
645	2021/03/18	18,965.00	-1.99	19,000.00	18,965.00	19,000.00	40	758,970.00
646	2021/03/17	19,350.00	-0.26	19,700.00	19,350.00	19,700.00	30	584,010.00
647	2021/03/16	19,400.00	1.04	19,584.00	19,400.00	19,584.00	30	585,680.00
648	2021/03/15	19,200.00	1.59	19,200.00	18,900.00	18,900.00	20	381,000.00
649	2021/03/14	18,900.00	-1.48	19,000.00	18,620.00	19,000.00	50	941,250.00
650	2021/03/10	19,184.00	3.98	19,184.00	18,800.00	18,800.00	40	756,020.00
651	2021/03/09	18,450.00	0	18,450.00	18,450.00	18,450.00	10	184,500.00
652	2021/03/07	18,450.00	-1.45	18,450.00	18,450.00	18,450.00	10	184,500.00
653	2021/03/04	18,722.00	-0.03	19,101.00	18,722.00	19,101.00	20	378,230.00
654	2021/03/03	18,728.00	0	18,728.00	18,728.00	18,728.00	20	374,560.00
655	2021/03/02	18,728.00	-3.96	19,121.00	18,728.00	19,121.00	70	1,322,560.00
656	2021/03/01	19,500.00	0.62	19,759.00	19,500.00	19,759.00	30	590,180.00
657	2021/02/28	19,380.00	-1.62	19,610.00	19,000.00	19,610.00	200	3,859,180.00
658	2021/02/24	19,700.00	2.58	19,750.00	18,900.00	18,900.00	110	2,150,100.00
659	2021/02/23	19,204.00	-5.28	19,870.00	19,204.00	19,870.00	145	2,825,060.00
660	2021/02/22	20,275.00	1.89	20,296.00	19,905.00	19,905.00	90	1,807,210.00
661	2021/02/18	19,899.00	1.99	19,899.00	19,500.00	19,500.00	110	2,174,390.00
662	2021/02/17	19,510.00	-0.31	19,690.00	19,185.00	19,185.00	80	1,556,630.00
663	2021/02/16	19,570.00	-0.15	19,700.00	19,570.00	19,650.00	50	982,200.00
664	2021/02/15	19,600.00	0.51	19,600.00	19,500.00	19,500.00	30	586,000.00
665	2021/02/14	19,500.00	-1.02	19,500.00	19,251.00	19,500.00	80	1,557,510.00
666	2021/02/11	19,700.00	-1.99	20,000.00	19,700.00	19,700.00	90	1,782,000.00
667	2021/02/10	20,100.00	-0.25	20,149.00	19,900.00	20,149.00	50	1,002,490.00
668	2021/02/09	20,000.00	0.05	20,000.00	20,000.00	20,000.00	10	401,500.00
669	2021/02/08	19,990.00	-0.16	20,000.00	19,985.00	20,000.00	60	1,199,750.00
670	2021/02/07	20,022.00	1.12	20,430.00	20,000.00	20,000.00	98	1,977,380.00
671	2021/02/04	19,800.00	1.02	19,800.00	19,401.00	19,650.00	90	1,759,010.00
672	2021/02/03	19,600.00	-2	19,700.00	19,600.00	19,700.00	40	787,000.00
673	2021/02/02	20,000.00	0	20,200.00	19,605.00	20,000.00	60	1,196,020.00
674	2021/02/01	20,001.00	2.78	20,245.00	19,849.00	19,849.00	79	1,588,105.00
675	2021/01/31	19,460.00	-3.9	20,250.00	19,450.00	20,250.00	50	1,179,060.00
676	2021/01/28	20,250.00	2.53	20,250.00	19,750.00	19,750.00	130	2,602,810.00
677	2021/01/27	19,750.00	-1.25	20,080.00	19,750.00	20,000.00	80	1,586,020.00
678	2021/01/26	20,001.00	-0.74	20,160.00	20,000.00	20,160.00	90	1,803,160.00
679	2021/01/25	20,150.00	-1.42	20,440.00	20,110.00	20,440.00	185	3,728,550.00
680	2021/01/24	20,440.00	-0.05	20,500.00	20,190.00	20,500.00	200	4,068,200.00
681	2021/01/21	20,450.00	0.74	20,550.00	20,139.00	20,550.00	220	4,479,690.00
682	2021/01/20	20,300.00	-1.93	20,310.00	20,300.00	20,310.00	30	609,100.00
683	2021/01/19	20,700.00	1.03	20,800.00	20,106.00	20,490.00	275	5,635,640.00
684	2021/01/18	20,489.00	3.47	20,502.00	20,050.00	20,050.00	90	1,826,430.00
685	2021/01/17	19,802.00	0.58	20,081.00	19,800.00	19,850.00	120	2,388,820.00
686	2021/01/13	19,688.00	1.96	19,688.00	19,400.00	19,400.00	140	2,739,260.00
687	2021/01/12	19,310.00	-1.42	19,550.00	19,300.00	19,550.00	40	776,100.00
688	2021/01/11	19,589.00	1.5	19,593.00	19,589.00	19,592.00	30	587,740.00
689	2021/01/10	19,300.00	2.65	19,561.00	19,178.00	19,178.00	140	2,710,420.00
690	2021/01/07	18,802.00	0.12	19,100.00	18,802.00	19,000.00	110	2,082,490.00
691	2021/01/06	18,780.00	-0.58	19,000.00	18,669.00	18,888.00	60	1,129,560.00
692	2021/01/05	18,889.00	-0.58	18,890.00	18,889.00	18,890.00	30	566,680.00
693	2021/01/04	19,000.00	-0.58	19,200.00	18,900.00	18,910.00	70	1,330,100.00
694	2021/01/03	19,110.00	-0.21	19,600.00	19,110.00	19,500.00	60	1,162,170.00
695	2020/12/31	19,150.00	1.59	19,506.00	19,125.00	19,125.00	30	577,810.00
696	2020/12/30	18,850.00	0.27	18,850.00	18,425.00	18,425.00	47	879,220.00
697	2020/12/29	18,800.00	0.27	18,940.00	18,800.00	18,800.00	70	1,321,300.00
698	2020/12/28	18,750.00	0.27	18,800.00	18,700.00	18,701.00	150	2,807,510.00
699	2020/12/27	18,700.00	-4.35	19,160.00	18,650.00	19,160.00	80	1,502,100.00
700	2020/12/23	19,551.00	2	19,551.00	19,551.00	19,551.00	40	782,040.00
701	2020/12/22	19,168.00	2.5	19,559.00	18,800.00	19,074.00	130	2,503,100.00
702	2020/12/21	18,700.00	0.43	18,990.00	18,200.00	18,400.00	140	2,613,080.00
703	2020/12/20	18,620.00	-3.02	19,074.00	18,620.00	18,816.00	140	2,629,360.00
704	2020/12/17	19,200.00	-0.26	19,500.00	19,200.00	19,250.00	100	1,931,300.00
705	2020/12/16	19,250.00	0.16	19,600.00	19,200.00	19,220.00	120	2,325,370.00
706	2020/12/15	19,220.00	0.1	19,580.00	19,200.00	19,250.00	135	2,615,470.00
707	2020/12/14	19,200.00	-4.95	19,900.00	19,200.00	19,900.00	60	1,178,460.00
708	2020/12/13	20,200.00	4.66	20,200.00	19,101.00	19,489.00	70	1,370,350.00
709	2020/12/10	19,300.00	-1.53	19,325.00	18,800.00	19,325.00	103	1,966,830.00
710	2020/12/09	19,600.00	3.3	19,999.00	19,300.00	19,300.00	131	2,576,579.00
711	2020/12/08	18,973.00	-6.02	20,592.00	18,973.00	20,592.00	104	2,075,186.00
712	2020/12/07	20,189.00	4.03	20,189.00	19,794.00	19,794.00	30	601,720.00
713	2020/12/06	19,406.00	-1.98	19,555.00	19,406.00	19,406.00	160	3,112,030.00
714	2020/12/03	19,799.00	-1.5	20,912.00	19,689.00	20,502.00	190	3,834,320.00
715	2020/12/02	20,100.00	-5.19	21,184.00	20,010.00	20,777.00	245	5,018,070.00
716	2020/12/01	21,200.00	0	21,300.00	20,874.00	21,300.00	140	2,940,470.00
717	2020/11/30	21,200.00	-1.82	21,800.00	21,200.00	21,609.00	115	2,469,620.00
718	2020/11/29	21,592.00	0.9	23,378.00	21,592.00	21,600.00	642	14,357,979.00
719	2020/11/26	21,400.00	-1.38	22,950.00	21,400.00	22,100.00	858	19,266,420.00
720	2020/11/25	21,650.00	6.72	21,900.00	19,881.00	19,881.00	300	8,213,120.00
721	2020/11/24	20,286.00	-2	20,287.00	20,286.00	20,287.00	20	405,730.00
722	2020/11/23	20,700.00	5.08	21,000.00	20,094.00	20,094.00	140	2,889,720.00
723	2020/11/22	19,700.00	-3.16	22,378.00	19,700.00	20,750.00	1,020	21,405,920.00
724	2020/11/19	20,344.00	10	20,344.00	18,650.00	18,650.00	1,440	28,615,220.00
725	2020/11/18	18,495.00	-0.03	18,500.00	18,140.00	18,140.00	210	3,878,940.00
726	2020/11/12	18,500.00	0.22	18,500.00	18,100.00	18,360.00	100	1,830,550.00
727	2020/11/11	18,460.00	3.71	18,460.00	17,701.00	17,702.00	330	5,980,960.00
728	2020/11/10	17,800.00	-0.01	18,000.00	17,800.00	18,000.00	150	2,683,560.00
729	2020/11/09	17,801.00	-1.11	17,901.00	17,801.00	17,901.00	1,050	18,745,550.00
730	2020/11/08	18,000.00	-1.1	18,006.00	18,000.00	18,006.00	540	9,720,120.00
731	2020/11/05	18,200.00	-1.83	18,650.00	18,200.00	18,650.00	60	1,104,270.00
732	2020/11/04	18,540.00	1.31	18,565.00	18,300.00	18,560.00	150	2,776,630.00
733	2020/11/03	18,300.00	1.67	18,360.00	18,300.00	18,360.00	30	550,100.00
734	2020/11/02	18,000.00	-0.55	18,000.00	18,000.00	18,000.00	10	180,000.00
735	2020/10/29	18,100.00	0	18,100.00	18,100.00	18,100.00	10	181,000.00
736	2020/10/28	18,100.00	0.56	18,101.00	18,000.00	18,000.00	50	902,010.00
737	2020/10/22	18,000.00	2.77	18,000.00	17,850.00	17,850.00	70	1,252,950.00
738	2020/10/21	17,515.00	-1.6	17,515.00	17,515.00	17,515.00	10	175,150.00
739	2020/10/20	17,800.00	1.99	17,802.00	17,800.00	17,802.00	30	534,040.00
740	2020/10/18	17,453.00	-0.27	17,560.00	17,450.00	17,550.00	270	4,718,320.00
741	2020/10/15	17,501.00	-3.46	18,129.00	17,421.00	18,129.00	250	4,404,680.00
742	2020/10/14	18,129.00	-1.2	18,717.00	18,129.00	18,717.00	40	736,880.00
743	2020/10/13	18,350.00	3.09	18,350.00	18,000.00	18,000.00	60	1,083,500.00
744	2020/10/11	17,800.00	-1.93	18,000.00	17,787.00	18,000.00	130	2,333,750.00
745	2020/10/07	18,150.00	0.28	18,252.00	18,150.00	18,252.00	50	908,520.00
746	2020/10/06	18,100.00	0	18,100.00	18,100.00	18,100.00	100	1,810,000.00
747	2020/10/05	18,100.00	0.28	18,100.00	18,100.00	18,100.00	10	181,000.00
748	2020/10/04	18,050.00	0.84	18,050.00	17,900.00	17,900.00	50	900,500.00
749	2020/10/01	17,900.00	-1.65	18,200.00	17,880.00	18,200.00	45	808,210.00
750	2020/09/30	18,200.00	1.7	18,200.00	18,200.00	18,200.00	10	182,000.00
751	2020/09/29	17,895.00	-0.03	18,259.00	17,895.00	18,200.00	60	1,084,640.00
752	2020/09/28	17,901.00	-0.69	18,200.00	17,800.00	18,100.00	236	4,241,000.00
753	2020/09/27	18,025.00	-7.11	19,074.00	17,850.00	19,016.00	220	4,020,630.00
754	2020/09/24	19,404.00	-2	19,800.00	19,404.00	19,800.00	40	780,120.00
755	2020/09/23	19,800.00	0	19,800.00	19,800.00	19,800.00	10	198,000.00
756	2020/09/22	19,800.00	0	19,890.00	19,780.00	19,890.00	40	792,700.00
757	2020/09/21	19,800.00	-0.45	19,800.00	19,800.00	19,800.00	15	297,000.00
758	2020/09/20	19,889.00	1.98	19,889.00	19,889.00	19,889.00	20	397,780.00
759	2020/09/17	19,502.00	-2	19,502.00	19,502.00	19,502.00	10	195,020.00
760	2020/09/14	19,900.00	0	20,000.00	19,900.00	20,000.00	30	598,000.00
761	2020/09/13	19,900.00	0.05	20,250.00	19,900.00	20,250.00	30	603,500.00
762	2020/09/10	19,890.00	3.86	19,890.00	19,500.00	19,500.00	50	981,900.00
763	2020/09/06	19,150.00	1.48	19,247.00	19,010.00	19,247.00	30	574,070.00
764	2020/08/31	18,870.00	0.82	18,870.00	18,500.00	18,500.00	20	373,700.00
765	2020/08/27	18,717.00	-1.99	18,717.00	18,717.00	18,717.00	10	187,170.00
766	2020/08/25	19,000.00	1.06	19,000.00	19,000.00	19,000.00	10	190,000.00
767	2020/08/24	18,800.00	1.67	18,800.00	18,800.00	18,800.00	10	188,000.00
768	2020/08/23	18,492.00	2	18,492.00	18,492.00	18,492.00	20	369,840.00
769	2020/08/20	18,130.00	-0.93	18,500.00	18,130.00	18,500.00	20	366,300.00
770	2020/08/18	18,300.00	0	18,300.00	18,300.00	18,300.00	31	567,300.00
771	2020/08/17	18,300.00	0.55	18,300.00	18,300.00	18,300.00	21	384,300.00
772	2020/08/16	18,200.00	-4.21	18,620.00	17,884.00	18,620.00	170	3,076,350.00
773	2020/08/13	19,000.00	0	19,000.00	19,000.00	19,000.00	56	1,064,000.00
774	2020/08/11	19,000.00	0	19,000.00	19,000.00	19,000.00	70	1,330,000.00
775	2020/08/10	19,000.00	-1.09	19,000.00	19,000.00	19,000.00	20	380,000.00
776	2020/08/05	19,210.00	0	19,210.00	19,210.00	19,210.00	10	192,100.00
777	2020/08/03	19,210.00	0	19,210.00	19,210.00	19,210.00	30	576,300.00
778	2020/08/02	19,210.00	0	19,210.00	19,210.00	19,210.00	16	307,360.00
779	2020/07/30	19,210.00	0	19,210.00	19,210.00	19,210.00	20	384,200.00
780	2020/07/29	19,210.00	0	19,210.00	19,210.00	19,210.00	10	192,100.00
781	2020/07/28	19,210.00	-1.99	19,600.00	19,210.00	19,600.00	60	1,168,200.00
782	2020/07/27	19,600.00	0.24	19,600.00	19,554.00	19,554.00	30	587,540.00
783	2020/07/22	19,966.00	-0.05	19,966.00	19,576.00	19,576.00	20	395,420.00
784	2020/07/21	19,975.00	6.25	19,975.00	19,020.00	19,020.00	50	967,990.00
785	2020/07/15	18,800.00	-1.63	18,800.00	18,457.00	18,729.00	50	932,610.00
786	2020/07/14	19,111.00	-1.99	19,111.00	19,111.00	19,111.00	10	191,110.00
787	2020/07/12	19,500.00	-0.35	19,500.00	19,500.00	19,500.00	20	390,000.00
788	2020/07/09	19,569.00	2	19,569.00	19,569.00	19,569.00	10	195,690.00
789	2020/07/08	19,186.00	-0.04	19,186.00	18,810.00	18,810.00	40	756,160.00
790	2020/07/05	19,193.00	-2	19,193.00	19,193.00	19,193.00	10	383,860.00
791	2020/07/01	19,584.00	2	19,584.00	19,584.00	19,584.00	10	195,840.00
792	2020/03/17	19,200.00	-5.35	19,881.00	19,095.00	19,881.00	40	776,600.00
793	2020/03/16	20,286.00	-5.88	21,122.00	20,286.00	21,122.00	30	621,080.00
794	2020/03/05	21,553.00	-3.95	21,992.00	21,553.00	21,992.00	20	435,450.00
795	2020/03/03	22,440.00	2	22,440.00	22,440.00	22,000.00	10	224,400.00
796	2020/03/01	22,000.00	-5.7	22,865.00	21,959.00	23,330.00	110	2,459,710.00
797	2020/02/27	23,330.00	8.03	23,345.00	22,000.00	22,000.00	130	2,962,470.00
798	2020/02/26	21,596.00	10	21,596.00	20,025.00	20,025.00	270	5,792,400.00
801	2020/02/25	19,633.00	9.99	19,633.00	18,205.00	17,849.00	80	1,525,000.00
802	2020/02/18	17,849.00	-2	17,849.00	17,849.00	17,849.00	10	178,490.00
803	2020/02/16	18,213.00	-2	18,213.00	18,213.00	18,213.00	10	182,130.00
804	2020/02/12	18,584.00	-2	18,590.00	18,584.00	18,590.00	30	557,590.00
805	2020/02/10	18,963.00	-2	18,963.00	18,963.00	18,963.00	10	189,630.00
806	2020/02/03	19,350.00	1.57	19,350.00	19,350.00	19,350.00	10	193,500.00
807	2020/02/02	18,906.00	2	18,906.00	18,906.00	18,906.00	10	379,560.00
808	2020/01/30	18,536.00	-2	18,536.00	18,536.00	18,536.00	10	185,360.00
809	2020/01/27	18,914.00	0	18,914.00	18,914.00	18,914.00	10	189,140.00
810	2020/01/26	18,914.00	-2	18,914.00	18,914.00	18,914.00	10	189,140.00
811	2020/01/21	19,300.00	0	19,300.00	19,300.00	19,300.00	20	386,000.00
812	2020/01/15	19,300.00	1.05	19,300.00	19,000.00	19,000.00	40	768,700.00
813	2020/01/13	19,100.00	0.26	19,100.00	19,100.00	19,100.00	10	191,000.00
814	2020/01/12	19,050.00	0	19,050.00	19,050.00	19,050.00	50	952,500.00
815	2020/01/07	19,050.00	0.26	19,050.00	19,050.00	19,050.00	10	190,500.00
816	2020/01/06	19,000.00	0.31	19,000.00	18,941.00	18,941.00	20	379,410.00
817	2019/12/24	18,941.00	1.99	18,941.00	18,941.00	18,941.00	10	189,410.00
818	2019/12/23	18,571.00	6.12	18,571.00	17,850.00	17,850.00	30	546,280.00
819	2019/12/17	17,500.00	-2.19	17,535.00	17,185.00	17,535.00	30	522,200.00
820	2019/12/16	17,892.00	0	17,892.00	17,892.00	17,892.00	20	357,840.00
821	2019/12/12	17,542.00	-3.94	17,900.00	17,542.00	17,900.00	20	354,420.00
822	2019/12/11	18,261.00	-3.96	18,633.00	18,261.00	18,633.00	20	368,940.00
823	2019/11/21	19,013.00	-2	19,015.00	19,013.00	19,015.00	50	950,670.00
824	2019/11/18	19,401.00	-2	19,401.00	19,401.00	19,401.00	10	194,010.00
825	2019/11/17	19,796.00	-2	19,796.00	19,796.00	19,796.00	10	197,960.00
826	2019/10/10	20,200.00	0.07	20,200.00	20,000.00	20,000.00	20	402,000.00
827	2019/10/03	20,185.00	10	20,185.00	18,717.00	18,717.00	60	1,171,870.00
828	2019/09/26	18,350.00	-1.46	18,350.00	18,350.00	18,350.00	10	183,500.00
829	2019/09/23	18,621.00	-1.99	18,621.00	18,621.00	18,621.00	10	186,210.00
830	2019/09/22	19,000.00	-1.04	19,000.00	19,000.00	19,000.00	10	190,000.00
831	2019/09/18	19,200.00	-1.03	19,200.00	19,200.00	19,200.00	20	384,000.00
832	2019/09/17	19,400.00	0	19,400.00	19,400.00	19,206.00	80	1,536,480.00
833	2019/09/09	19,400.00	0	19,400.00	19,400.00	19,400.00	10	194,000.00
834	2019/09/05	19,400.00	-0.51	19,400.00	19,400.00	19,400.00	40	776,000.00
835	2019/09/02	19,500.00	1.52	19,500.00	19,500.00	19,500.00	10	195,000.00
836	2019/08/29	19,208.00	-2	19,208.00	19,208.00	19,208.00	20	384,160.00
837	2019/08/26	19,600.00	-2	20,000.00	19,600.00	20,000.00	20	396,000.00
838	2019/08/25	20,000.00	1.05	20,000.00	20,000.00	20,000.00	10	200,000.00
839	2019/08/06	19,792.00	-2	19,792.00	19,792.00	19,792.00	10	197,920.00
840	2019/07/31	20,195.00	0.97	20,195.00	20,195.00	20,195.00	10	201,950.00
841	2019/07/24	20,000.00	0	20,000.00	20,000.00	20,000.00	10	200,000.00
842	2019/07/21	20,000.00	-1.96	20,000.00	20,000.00	20,000.00	10	200,000.00
843	2019/07/17	20,400.00	0.74	20,400.00	20,400.00	20,400.00	10	204,000.00
844	2019/07/14	20,250.00	0	20,250.00	20,250.00	20,250.00	10	202,500.00
845	2019/07/07	20,250.00	1.07	20,250.00	20,250.00	20,250.00	10	202,500.00
846	2019/07/03	20,035.00	1.96	20,035.00	20,035.00	20,035.00	10	200,350.00
847	2019/06/30	19,649.00	2	19,649.00	19,649.00	19,649.00	10	196,490.00
848	2019/06/27	19,264.00	0	19,264.00	19,264.00	19,000.00	2	38,000.00
849	2019/06/25	19,264.00	4.03	19,264.00	18,887.00	18,887.00	20	381,510.00
850	2019/06/24	18,517.00	-2	18,517.00	18,517.00	18,517.00	10	185,170.00
851	2019/06/23	18,894.00	-2	18,894.00	18,894.00	18,894.00	10	188,940.00
852	2019/06/20	19,279.00	-2	19,279.00	19,279.00	19,279.00	10	192,790.00
853	2019/06/19	19,672.00	2	19,672.00	19,672.00	19,672.00	10	196,720.00
854	2019/06/18	19,287.00	-2	19,287.00	19,287.00	19,287.00	90	1,735,830.00
855	2019/06/16	19,680.00	1.95	19,680.00	19,680.00	19,680.00	10	196,800.00
856	2019/06/13	19,304.00	-1.99	19,304.00	19,304.00	19,304.00	10	193,040.00
857	2019/06/12	19,696.00	-0.02	19,700.00	19,310.00	19,700.00	90	1,749,560.00
858	2019/06/11	19,700.00	0.56	19,700.00	19,600.00	19,600.00	20	393,000.00
859	2019/06/10	19,590.00	1.98	19,590.00	19,590.00	19,590.00	10	195,900.00
860	2019/06/06	19,210.00	-1.99	19,210.00	19,210.00	19,210.00	50	960,500.00
861	2019/06/03	19,600.00	-2	19,600.00	19,600.00	19,600.00	10	196,000.00
862	2019/05/30	20,000.00	1.88	20,000.00	20,000.00	20,000.00	10	200,000.00
863	2019/05/29	19,630.00	1.97	19,630.00	19,250.00	19,250.00	20	388,800.00
864	2019/05/28	19,250.00	-1.79	19,250.00	19,250.00	19,250.00	10	192,500.00
865	2019/05/27	19,600.00	-2	19,600.00	19,600.00	19,600.00	10	196,000.00
866	2019/05/23	20,000.00	0	20,400.00	20,000.00	20,400.00	30	604,000.00
867	2019/05/20	20,000.00	0	20,000.00	20,000.00	20,000.00	10	200,000.00
868	2019/05/19	20,000.00	0	20,000.00	20,000.00	20,000.00	20	400,000.00
869	2019/05/15	20,000.00	1.03	20,000.00	20,000.00	20,000.00	10	200,000.00
870	2019/05/14	19,796.00	-2	19,796.00	19,796.00	19,796.00	20	395,920.00
871	2019/05/13	20,200.00	0	20,200.00	20,200.00	20,200.00	20	404,000.00
872	2019/05/12	20,200.00	1	20,200.00	20,200.00	20,200.00	10	202,000.00
873	2019/05/09	20,000.00	-2.44	20,090.00	20,000.00	20,090.00	20	400,900.00
874	2019/05/08	20,500.00	1.07	20,500.00	20,500.00	20,500.00	10	205,000.00
875	2019/05/05	20,282.00	0	20,282.00	20,282.00	20,282.00	10	202,820.00
876	2019/05/02	20,282.00	-2	20,282.00	20,282.00	20,282.00	10	202,820.00
877	2019/04/30	20,695.00	-2	20,695.00	20,695.00	20,695.00	10	206,950.00
878	2019/04/29	21,117.00	2	21,117.00	21,117.00	21,117.00	10	211,170.00
879	2019/04/28	20,703.00	2	20,703.00	20,703.00	20,703.00	20	414,060.00
880	2019/04/25	20,298.00	2	20,298.00	19,900.00	19,900.00	25	501,480.00
881	2019/04/24	19,900.00	0.8	19,900.00	19,900.00	19,900.00	10	199,000.00
882	2019/04/23	19,743.00	4.04	19,743.00	19,356.00	19,356.00	30	588,410.00
883	2019/04/22	18,977.00	4.03	18,977.00	18,605.00	18,605.00	30	565,590.00
884	2019/04/11	18,241.00	-3.95	18,613.00	18,241.00	18,613.00	90	1,660,290.00
885	2019/04/10	18,992.00	-0.04	18,992.00	18,620.00	18,620.00	70	1,307,120.00
886	2019/04/09	19,000.00	-3.55	19,306.00	18,925.00	19,306.00	50	958,430.00
887	2019/03/31	19,700.00	1.66	19,700.00	19,379.00	19,379.00	20	390,790.00
888	2019/03/28	19,379.00	0.45	19,379.00	19,000.00	19,000.00	20	383,790.00
889	2019/03/28	19,293.00	-0.04	19,686.00	19,293.00	19,300.00	20	383,790.00
890	2019/03/26	19,300.00	1.58	19,300.00	19,300.00	19,300.00	10	193,000.00
891	2019/03/25	19,000.00	-1.96	19,000.00	19,000.00	19,000.00	90	1,710,000.00
892	2019/03/17	19,380.00	2	19,380.00	19,380.00	19,380.00	10	193,800.00
893	2019/03/14	19,000.00	0	19,000.00	19,000.00	19,000.00	10	190,000.00
894	2019/03/13	19,000.00	-1.96	19,390.00	19,000.00	19,390.00	130	2,500,500.00
895	2019/03/12	19,380.00	2	19,380.00	19,000.00	19,380.00	10	193,800.00
896	2019/03/11	19,000.00	0	19,000.00	19,000.00	19,000.00	10	190,000.00
897	2019/03/10	19,000.00	-0.55	19,105.00	19,000.00	19,000.00	10	190,000.00
898	2019/03/07	19,105.00	-1.99	19,492.00	19,105.00	19,105.00	80	1,528,400.00
899	2019/03/05	19,492.00	2	19,492.00	19,110.00	19,492.00	10	194,920.00
900	2019/03/03	19,110.00	-2	19,500.00	19,110.00	19,110.00	10	191,100.00
901	2019/02/27	19,500.00	-0.62	20,413.00	19,229.00	20,013.00	130	2,553,840.00
902	2019/02/24	19,621.00	4.03	19,621.00	18,860.00	19,237.00	20	388,580.00
903	2019/02/19	18,860.00	-0.02	18,863.00	18,860.00	18,860.00	10	188,600.00
904	2019/02/18	18,863.00	-2	19,247.00	18,863.00	18,863.00	10	188,630.00
905	2019/02/17	19,247.00	2	19,247.00	18,870.00	19,247.00	10	192,470.00
906	2019/02/13	18,870.00	5.99	18,870.00	17,803.00	18,150.00	30	555,200.00
907	2019/02/11	17,803.00	-2	18,166.00	17,803.00	17,803.00	20	356,060.00
908	2019/02/06	18,166.00	-2	18,536.00	18,166.00	18,300.00	30	546,660.00
909	2019/02/05	18,536.00	-2	18,914.00	18,536.00	18,541.00	30	556,170.00
910	2019/02/04	18,914.00	-2	19,300.00	18,914.00	18,914.00	10	189,140.00
911	2019/02/03	19,300.00	-1.82	19,657.00	19,264.00	19,264.00	50	964,280.00
912	2019/01/31	19,657.00	2	19,657.00	19,272.00	19,272.00	50	982,850.00
913	2019/01/30	19,272.00	-5.88	20,475.00	19,272.00	20,475.00	120	2,352,320.00
914	2019/01/27	20,475.00	-2	20,892.00	20,475.00	20,892.00	30	614,500.00
915	2019/01/24	20,892.00	1.91	20,892.00	19,689.00	20,500.00	120	2,443,980.00
916	2019/01/23	20,500.00	-2.89	21,109.00	20,274.00	21,109.00	75	1,533,460.00
917	2019/01/21	22,883.00	-2.22	23,402.00	22,883.00	23,402.00	60	1,396,330.00
918	2018/11/25	23,402.00	-4	24,376.00	22,944.00	24,376.00	50	1,165,910.00
919	2018/10/31	23,899.00	2	23,899.00	23,899.00	23,899.00	10	238,990.00
920	2018/10/25	23,431.00	4.04	23,431.00	22,972.00	22,972.00	20	464,030.00
921	2018/10/24	22,522.00	2	22,522.00	22,522.00	22,522.00	10	225,220.00
922	2018/10/23	22,081.00	1.99	22,081.00	22,081.00	22,081.00	10	220,810.00
923	2018/10/22	21,649.00	-3.95	22,090.00	21,649.00	22,090.00	30	653,890.00
924	2018/10/21	22,540.00	-2	22,540.00	22,540.00	22,540.00	10	225,400.00
925	2018/10/15	23,000.00	2.08	23,000.00	22,500.00	22,500.00	110	2,522,500.00
926	2018/10/14	22,531.00	-7.3	23,818.00	22,090.00	23,818.00	110	2,531,390.00
927	2018/09/30	24,304.00	-2	24,304.00	24,304.00	24,304.00	10	243,040.00
928	2018/09/20	24,799.00	0.55	24,799.00	24,799.00	24,799.00	10	247,990.00
929	2018/09/11	24,663.00	1.96	24,673.00	24,180.00	24,673.00	40	976,960.00
930	2018/09/10	24,190.00	2	24,190.00	24,190.00	24,190.00	40	967,600.00
931	2018/09/06	23,716.00	2.89	24,200.00	23,511.00	23,511.00	70	1,664,370.00
932	2018/09/05	23,152.00	-3.96	23,600.00	23,050.00	23,600.00	60	1,396,230.00
933	2018/09/03	24,000.00	6.32	24,000.00	23,024.00	23,024.00	50	1,179,610.00
934	2018/08/23	22,573.00	-3.95	23,031.00	22,573.00	23,031.00	20	456,040.00
935	2018/08/21	23,501.00	-1.94	23,501.00	23,501.00	23,501.00	10	235,010.00
936	2018/08/20	23,965.00	2	23,965.00	23,965.00	23,965.00	10	239,650.00
937	2018/08/19	23,496.00	-2	23,501.00	23,496.00	23,501.00	40	939,940.00
938	2018/08/16	23,975.00	6.11	23,975.00	23,045.00	23,045.00	30	705,250.00
939	2018/08/14	22,594.00	-2.02	22,599.00	22,151.00	22,599.00	30	673,440.00
940	2018/08/12	23,060.00	-3.96	23,530.00	23,060.00	23,530.00	20	465,900.00
941	2018/08/07	24,300.00	-2	24,300.00	24,010.00	24,300.00	20	483,100.00
942	2018/08/05	24,500.00	-2	24,500.00	24,500.00	24,500.00	10	245,000.00
943	2018/07/30	25,000.00	0	25,000.00	25,000.00	25,000.00	10	250,000.00
944	2018/07/29	25,000.00	0	25,450.00	25,000.00	25,450.00	20	504,500.00
945	2018/07/10	25,000.00	-3.1	25,500.00	25,000.00	25,284.00	30	757,840.00
946	2018/07/08	25,800.00	1.56	25,800.00	24,895.00	24,895.00	30	760,870.00
947	2018/07/05	25,403.00	-3.96	25,921.00	25,403.00	25,921.00	20	513,240.00
948	2018/07/03	26,400.00	1.73	26,450.00	26,400.00	26,450.00	20	528,500.00
949	2018/07/02	26,000.00	0.39	26,000.00	26,000.00	26,000.00	10	260,000.00
950	2018/06/28	25,900.00	-0.19	25,900.00	25,431.00	25,431.00	50	1,276,920.00
951	2018/06/27	25,950.00	-2	25,950.00	25,950.00	25,950.00	10	259,500.00
952	2018/06/26	26,479.00	-2	26,479.00	26,479.00	26,479.00	10	264,790.00
953	2018/06/17	27,019.00	-2	27,019.00	27,019.00	27,019.00	10	270,190.00
954	2018/06/14	27,570.00	4.04	27,570.00	27,030.00	27,030.00	20	546,000.00
955	2018/06/07	26,500.00	0	26,500.00	26,500.00	26,500.00	40	1,060,000.00
956	2018/06/03	26,500.00	4.04	26,500.00	25,981.00	25,981.00	20	524,810.00
957	2018/05/31	25,472.00	-1.99	25,472.00	25,472.00	25,472.00	20	509,440.00
958	2018/05/28	25,989.00	2	25,989.00	25,989.00	25,480.00	50	1,299,450.00
959	2018/05/16	25,480.00	-2	25,480.00	25,480.00	25,480.00	10	254,800.00
960	2018/05/08	26,000.00	0	26,000.00	26,000.00	26,000.00	30	780,000.00
961	2018/05/03	26,000.00	-0.76	26,500.00	26,000.00	26,500.00	30	790,000.00
962	2018/05/02	26,200.00	-1.84	26,200.00	26,200.00	26,692.00	10	262,000.00
963	2018/04/17	26,692.00	2	26,692.00	26,692.00	26,169.00	10	266,920.00
964	2018/04/12	26,169.00	1.96	26,169.00	25,153.00	25,153.00	30	769,780.00
965	2018/04/11	25,666.00	2	25,666.00	25,666.00	25,666.00	30	769,980.00
966	2018/04/10	25,163.00	-5.05	26,200.00	25,163.00	26,200.00	370	9,678,390.00
967	2018/04/05	26,500.00	1.92	26,500.00	26,500.00	26,500.00	10	265,000.00
968	2018/04/03	25,637.00	4.03	25,637.00	25,135.00	25,135.00	20	507,720.00
969	2018/04/02	24,643.00	-2	24,643.00	24,643.00	24,643.00	10	246,430.00
970	2018/04/01	25,145.00	0	25,647.00	25,145.00	25,145.00	510	12,828,970.00
971	2018/03/28	25,145.00	2	25,145.00	24,651.00	24,651.00	1,030	25,889,470.00
972	2018/03/26	24,651.00	-4	25,667.00	24,651.00	25,164.00	40	1,006,360.00
973	2018/03/22	25,677.00	-2.04	25,687.00	25,174.00	25,687.00	30	765,380.00
974	2018/03/21	26,211.00	6.11	26,211.00	25,195.00	25,195.00	30	771,040.00
975	2018/03/20	24,701.00	-1.84	24,701.00	24,701.00	24,701.00	10	247,010.00
976	2018/03/18	25,163.00	-2	25,163.00	25,163.00	25,163.00	10	251,630.00
977	2018/03/15	25,676.00	-2	25,676.00	25,676.00	25,676.00	20	513,520.00
978	2018/03/14	26,200.00	0	26,200.00	26,200.00	26,200.00	20	524,000.00
979	2018/03/13	26,200.00	-2.24	26,264.00	26,200.00	26,264.00	500	13,131,360.00
980	2018/03/13	26,800.00	0.37	26,900.00	26,800.00	26,700.00	160	13,131,360.00
981	2018/03/11	26,700.00	-2	26,700.00	26,700.00	27,244.00	10	267,000.00
982	2018/03/07	27,244.00	-2	27,244.00	27,244.00	27,244.00	10	272,440.00
983	2018/02/28	27,800.00	1.31	27,800.00	27,800.00	27,800.00	10	278,000.00
984	2018/02/26	27,440.00	-1.88	28,000.00	27,440.00	28,000.00	20	554,400.00
985	2018/02/22	27,966.00	2	27,966.00	27,966.00	27,966.00	10	279,660.00
986	2018/02/20	27,418.00	-2	27,418.00	27,418.00	27,418.00	10	274,180.00
987	2018/02/18	27,977.00	-0.04	27,977.00	27,429.00	27,988.00	30	828,350.00
988	2018/02/15	27,988.00	2	27,988.00	27,988.00	27,988.00	100	2,798,800.00
989	2018/02/12	27,440.00	-2	27,440.00	27,440.00	27,440.00	20	548,800.00
990	2018/02/08	28,000.00	0	28,000.00	28,000.00	28,000.00	30	840,000.00
991	2018/01/23	28,000.00	0	0.00	0.00	0.00	848	21,588,163.52
992	2018/01/21	28,311.00	2	28,311.00	28,311.00	28,311.00	10	283,110.00
993	2018/01/17	27,756.00	0	27,756.00	27,756.00	27,756.00	200	5,551,200.00
994	2018/01/14	27,756.00	-2	27,756.00	27,756.00	27,756.00	20	555,120.00
995	2018/01/10	28,322.00	-2	28,322.00	28,322.00	28,322.00	20	566,440.00
996	2018/01/03	28,900.00	1.4	29,300.00	28,900.00	29,000.00	245	7,104,000.00
997	2018/01/01	28,501.00	0	29,070.00	28,501.00	29,070.00	20	575,710.00
1001	2017/12/31	28,500.00	1.06	28,500.00	28,500.00	28,500.00	10	285,000.00
1002	2017/12/28	28,200.00	0	28,200.00	28,200.00	28,200.00	30	846,000.00
1003	2017/12/24	28,200.00	-2.08	28,224.00	28,200.00	28,224.00	20	564,240.00
1004	2017/12/19	28,800.00	0.7	28,800.00	28,800.00	28,800.00	10	288,000.00
1005	2017/12/13	28,600.00	0.35	28,600.00	28,500.00	28,500.00	20	571,000.00
1006	2017/12/12	28,500.00	-0.7	29,000.00	28,500.00	29,000.00	100	2,855,000.00
1007	2017/11/30	28,701.00	0	28,800.00	28,701.00	28,800.00	20	575,010.00
1008	2017/11/28	28,700.00	-1.03	28,700.00	28,700.00	28,700.00	30	861,000.00
1009	2017/11/23	29,000.00	1.05	29,000.00	29,000.00	28,700.00	40	1,160,000.00
1010	2017/11/21	28,700.00	-0.99	28,700.00	28,700.00	28,700.00	10	287,000.00
1011	2017/11/19	28,988.00	-0.04	28,988.00	28,420.00	29,000.00	100	2,892,180.00
1012	2017/11/16	29,000.00	-3.33	29,400.00	29,000.00	29,400.00	20	584,000.00
1013	2017/11/14	30,000.00	3.44	30,000.00	29,090.00	29,130.00	150	4,417,560.00
1014	2017/11/12	29,001.00	0	29,001.00	28,450.00	29,001.00	30	859,020.00
1015	2017/11/08	29,001.00	3.61	29,001.00	28,549.00	28,549.00	30	865,510.00
1016	2017/11/05	27,990.00	-2	27,990.00	27,990.00	27,990.00	20	559,800.00
1017	2017/11/01	28,560.00	2	28,560.00	28,560.00	28,560.00	10	285,600.00
1018	2017/10/29	28,000.00	-2.82	28,240.00	28,000.00	28,240.00	20	562,400.00
1019	2017/10/25	28,812.00	-2	28,812.00	28,812.00	28,812.00	10	288,120.00
1020	2017/10/23	29,400.00	-3.61	30,000.00	29,400.00	30,500.00	20	594,000.00
1021	2017/09/14	30,500.00	1.67	30,600.00	30,450.00	30,600.00	30	915,500.00
1022	2017/09/13	30,000.00	0	30,000.00	30,000.00	30,000.00	180	5,400,000.00
1023	2017/09/12	30,000.00	0	30,001.00	30,000.00	30,001.00	180	5,400,030.00
1024	2017/09/11	30,000.00	-0.29	30,088.00	30,000.00	30,088.00	20	600,880.00
1025	2017/09/06	30,088.00	-2	30,088.00	30,088.00	30,088.00	20	601,760.00
1026	2017/08/30	30,702.00	2	30,702.00	30,702.00	30,100.00	10	307,020.00
1027	2017/08/28	30,100.00	0.33	30,200.00	30,100.00	30,200.00	500	15,051,020.00
1028	2017/08/27	30,000.00	0.17	30,000.00	30,000.00	29,950.00	10	300,000.00
1029	2017/08/22	29,950.00	0	29,950.00	29,950.00	29,950.00	10	299,500.00
1030	2017/08/17	29,950.00	-0.17	29,950.00	29,950.00	29,950.00	30	898,500.00
1031	2017/08/13	30,001.00	0	30,001.00	30,001.00	30,001.00	30	900,030.00
1032	2017/08/07	30,001.00	0	30,001.00	30,001.00	30,001.00	10	300,010.00
1033	2017/08/01	30,000.00	0	30,000.00	30,000.00	30,000.00	10	300,000.00
1034	2017/07/31	30,000.00	0.38	30,000.00	30,000.00	30,000.00	10	300,000.00
1035	2017/07/27	29,886.00	2	29,886.00	29,886.00	29,886.00	80	2,390,880.00
1036	2017/07/25	29,300.00	1.03	29,300.00	29,300.00	29,300.00	150	4,395,000.00
1037	2017/07/24	29,000.00	0	29,000.00	29,000.00	29,000.00	110	3,190,000.00
1038	2017/07/20	29,000.00	1.05	29,000.00	29,000.00	29,000.00	100	2,900,000.00
1039	2017/07/17	29,200.00	0	29,201.00	29,200.00	29,200.00	35	1,022,015.00
1040	2017/07/16	29,200.00	-0.01	29,200.00	29,200.00	29,200.00	10	292,000.00
1041	2017/07/13	29,204.00	-2.88	29,800.00	29,204.00	29,800.00	40	1,180,080.00
1042	2017/07/10	30,069.00	3.69	30,069.00	29,480.00	29,480.00	390	11,709,240.00
1043	2017/07/09	29,000.00	0	29,000.00	29,000.00	29,000.00	170	4,930,000.00
1044	2017/07/02	29,000.00	-1.36	29,000.00	29,000.00	29,000.00	10	290,000.00
1045	2017/06/14	29,400.00	-2	29,400.00	29,400.00	29,400.00	10	294,000.00
1046	2017/06/11	30,000.00	0	30,000.00	30,000.00	30,000.00	15	450,000.00
1047	2017/06/08	30,000.00	-0.56	30,000.00	30,000.00	30,000.00	15	450,000.00
1048	2017/06/05	30,170.00	1.99	30,170.00	30,170.00	30,170.00	10	301,700.00
1049	2017/05/28	29,580.00	0	29,580.00	29,580.00	29,580.00	20	591,600.00
1050	2017/05/18	29,580.00	0	29,580.00	29,580.00	29,580.00	15	443,700.00
1051	2017/05/02	29,580.00	0	29,580.00	29,580.00	29,580.00	10	295,800.00
1052	2017/04/30	29,580.00	2	29,580.00	29,580.00	29,580.00	10	295,800.00
1053	2017/04/26	29,000.00	-1.96	29,000.00	29,000.00	29,000.00	130	3,770,000.00
1054	2017/04/20	29,000.00	0	29,000.00	29,000.00	29,000.00	100	2,900,000.00
1055	2017/04/18	29,000.00	0.65	29,000.00	28,224.00	28,800.00	280	8,068,720.00
1056	2017/04/16	28,812.00	-3.88	30,000.00	28,812.00	30,000.00	50	1,482,120.00
1057	2017/04/09	29,976.00	-2	29,976.00	29,976.00	29,976.00	30	899,280.00
1058	2017/04/02	30,587.00	2	30,587.00	30,587.00	30,587.00	10	305,870.00
1059	2017/03/30	29,988.00	-0.7	30,000.00	29,400.00	30,200.00	60	1,781,880.00
1060	2017/03/13	30,200.00	0	30,200.00	30,200.00	30,200.00	50	1,510,000.00
1061	2017/03/01	29,000.00	2	29,580.00	29,000.00	29,580.00	20	585,800.00
1062	2017/02/28	29,000.00	0	29,000.00	29,000.00	29,000.00	10	290,000.00
1063	2017/02/22	29,000.00	0	29,000.00	29,000.00	29,000.00	10	290,000.00
1064	2017/01/31	29,000.00	1.22	29,000.00	29,000.00	29,000.00	10	290,000.00
1065	2017/01/25	28,651.00	2	28,651.00	28,651.00	28,651.00	20	573,020.00
1066	2017/01/23	28,090.00	2	28,090.00	28,090.00	28,090.00	10	280,900.00
1067	2017/01/22	27,540.00	2	27,540.00	27,540.00	27,540.00	40	1,101,600.00
1068	2017/01/18	27,000.00	0	27,000.00	27,000.00	27,000.00	30	810,000.00
1069	2017/01/01	27,000.00	-2	27,500.00	27,000.00	27,500.00	470	12,765,000.00
1070	2016/12/22	27,550.00	2.95	27,550.00	27,000.00	27,000.00	180	4,872,000.00
1071	2016/12/21	26,760.00	-5.84	27,852.00	26,760.00	27,852.00	220	5,920,540.00
1072	2016/12/20	28,420.00	-2	28,420.00	28,420.00	28,420.00	10	284,200.00
1073	2016/12/15	29,000.00	-1.69	29,000.00	29,000.00	29,000.00	405	11,745,000.00
1074	2016/12/12	29,498.00	-2	29,498.00	29,498.00	29,498.00	10	294,980.00
1075	2016/11/15	30,100.00	1.5	30,100.00	30,100.00	30,100.00	100	3,010,000.00
1076	2016/11/08	29,655.00	-1.98	30,260.00	29,655.00	30,260.00	40	1,198,300.00
1077	2016/11/07	30,253.00	-2	30,253.00	30,253.00	30,253.00	60	1,815,180.00
1078	2016/10/05	30,870.00	-2	30,870.00	30,870.00	30,870.00	10	308,700.00
1079	2016/09/28	31,500.00	1.94	31,500.00	31,500.00	31,500.00	10	315,000.00
1080	2016/09/27	30,900.00	0.09	30,900.00	30,900.00	30,900.00	40	1,236,000.00
1081	2016/09/22	31,502.00	-3.96	32,144.00	31,502.00	32,144.00	20	636,460.00
1082	2016/09/21	32,800.00	-2.85	33,086.00	32,800.00	33,086.00	20	658,860.00
1083	2016/09/04	33,761.00	-2	33,761.00	33,761.00	33,761.00	80	2,700,880.00
1084	2016/08/31	34,450.00	1.99	34,450.00	34,450.00	34,450.00	10	344,500.00
1085	2016/08/30	33,700.00	2	33,777.00	33,700.00	33,777.00	20	674,770.00
1086	2016/08/24	33,115.00	0	33,115.00	33,115.00	33,115.00	60	1,986,900.00
1087	2016/08/23	33,115.00	-1.97	33,115.00	33,115.00	33,115.00	100	3,311,500.00
1088	2016/08/14	33,780.00	0	33,780.00	33,780.00	33,780.00	250	8,445,000.00
1089	2016/08/07	32,470.00	-1.99	32,480.00	32,470.00	33,130.00	30	974,300.00
1090	2016/08/04	33,130.00	-1.98	33,130.00	33,130.00	33,800.00	10	331,300.00
1091	2016/08/01	33,800.00	-0.11	33,800.00	33,160.00	33,836.00	130	4,330,000.00
1092	2016/07/31	33,836.00	-2	33,836.00	33,836.00	34,526.00	50	1,691,800.00
1093	2016/07/21	35,230.00	0.6	35,250.00	35,200.00	35,021.00	70	2,466,300.00
1094	2016/07/12	35,021.00	0	35,021.00	35,021.00	35,021.00	30	1,050,630.00
1095	2016/07/11	35,021.00	0.03	35,111.00	35,021.00	35,011.00	110	3,853,210.00
1101	2016/07/06	35,011.00	0.03	35,011.00	35,011.00	35,011.00	30	1,050,330.00
1102	2016/07/05	35,000.00	0	35,000.00	35,000.00	35,000.00	50	1,750,000.00
1103	2016/06/30	35,000.00	-0.55	35,000.00	35,000.00	35,192.00	20	700,000.00
1104	2016/06/28	35,192.00	0.55	35,192.00	34,502.00	35,000.00	70	2,436,980.00
1105	2016/06/26	35,000.00	-1.96	35,000.00	35,000.00	35,700.00	130	4,550,000.00
1106	2016/06/23	35,700.00	1.45	35,700.00	35,700.00	35,190.00	10	357,000.00
1107	2016/06/22	35,190.00	2	35,190.00	34,501.00	34,501.00	40	1,386,930.00
1108	2016/06/20	34,500.00	-1.99	34,500.00	34,500.00	35,200.00	150	5,175,000.00
1109	2016/06/19	35,200.00	0	35,200.00	35,200.00	35,200.00	20	704,000.00
1110	2016/06/16	35,200.00	0.57	35,200.00	35,001.00	35,000.00	50	1,758,010.00
1111	2016/06/15	35,000.00	0	35,000.00	35,000.00	35,000.00	50	1,750,000.00
1112	2016/06/14	35,000.00	1.45	35,000.00	35,000.00	35,000.00	70	2,450,000.00
1113	2016/06/13	34,500.00	-1.43	34,500.00	34,500.00	35,001.00	100	3,450,000.00
1114	2016/06/08	35,001.00	1.45	35,001.00	34,102.00	34,501.00	170	5,900,600.00
1115	2016/06/07	34,501.00	0	34,501.00	34,003.00	34,003.00	140	4,803,580.00
1116	2016/06/05	34,501.00	0	35,000.00	34,501.00	34,500.00	150	5,229,840.00
1117	2016/06/02	34,500.00	0.29	34,500.00	34,490.00	34,400.00	80	2,759,800.00
1118	2016/06/01	34,400.00	-0.81	34,400.00	34,400.00	34,681.00	50	1,720,000.00
1119	2016/06/01	34,681.00	2	34,681.00	34,681.00	34,001.00	10	1,720,000.00
1120	2016/05/30	34,001.00	8.21	34,008.00	32,049.00	31,421.00	180	5,962,930.00
1121	2016/05/26	31,421.00	4.04	31,421.00	30,805.00	30,201.00	30	936,470.00
1122	2016/05/25	30,201.00	-1.97	30,201.00	30,201.00	30,809.00	30	906,030.00
1123	2016/05/24	30,809.00	-3.96	31,437.00	30,809.00	32,078.00	50	1,553,010.00
1124	2016/05/22	32,078.00	-2	32,078.00	32,078.00	32,732.00	20	641,560.00
1125	2016/05/19	32,732.00	-2	32,733.00	32,732.00	33,400.00	30	981,980.00
1126	2016/05/18	33,400.00	-1.76	33,400.00	33,400.00	34,000.00	20	668,000.00
1127	2016/05/17	34,000.00	0	34,000.00	34,000.00	34,000.00	40	1,360,000.00
1128	2016/05/15	34,000.00	0	34,000.00	34,000.00	34,000.00	10	340,000.00
1129	2016/05/12	34,000.00	0	34,000.00	34,000.00	34,000.00	30	1,020,000.00
1130	2016/05/11	34,000.00	-0.73	34,000.00	34,000.00	34,251.00	20	680,000.00
1131	2016/05/10	34,251.00	1.63	34,950.00	34,251.00	34,300.00	40	1,377,520.00
1132	2016/05/08	33,700.00	-4.48	34,575.00	33,700.00	35,280.00	30	1,021,590.00
1133	2016/05/05	35,280.00	-2	35,280.00	35,280.00	36,000.00	10	352,800.00
1134	2016/05/03	36,000.00	1.84	36,000.00	36,000.00	35,350.00	10	360,000.00
1135	2016/04/26	35,350.00	1.94	35,370.00	35,350.00	34,678.00	20	707,200.00
1136	2016/04/24	34,678.00	4.04	34,678.00	33,999.00	33,333.00	30	1,026,760.00
1137	2016/04/21	33,333.00	3.35	33,333.00	32,897.00	32,252.00	150	4,954,600.00
1138	2016/04/19	32,252.00	0	32,252.00	32,252.00	32,252.00	30	967,560.00
1139	2016/04/18	32,252.00	0	32,252.00	32,252.00	32,252.00	50	1,612,600.00
1140	2016/04/14	32,252.00	2	32,252.00	32,000.00	31,620.00	60	1,922,520.00
1141	2016/04/11	31,620.00	0	31,620.00	31,620.00	31,620.00	50	1,581,000.00
1142	2016/04/10	31,620.00	1.31	31,620.00	31,000.00	31,212.00	80	2,498,600.00
1143	2016/04/06	31,212.00	0.04	31,212.00	30,600.00	31,200.00	20	618,120.00
1144	2016/04/04	29,600.00	0.07	29,600.00	29,600.00	29,580.00	10	296,000.00
1145	2016/04/03	29,580.00	2	29,580.00	29,580.00	29,000.00	30	887,400.00
1146	2016/03/31	29,000.00	1.74	29,000.00	29,000.00	28,505.00	50	1,450,000.00
1147	2016/03/24	28,505.00	0.02	28,505.00	28,505.00	28,500.00	10	285,050.00
1148	2016/03/03	28,500.00	0	28,500.00	28,500.00	28,500.00	30	855,000.00
1149	2016/03/02	28,500.00	-1.38	28,500.00	28,500.00	28,500.00	30	855,000.00
1150	2016/03/01	28,900.00	1.4	28,900.00	28,500.00	28,500.00	40	1,144,000.00
1151	2016/02/28	28,500.00	-0.66	28,500.00	28,500.00	28,690.00	300	8,550,000.00
1152	2016/02/17	28,128.00	2	28,128.00	28,128.00	27,577.00	10	281,280.00
1153	2016/02/07	27,577.00	2	27,577.00	27,577.00	27,037.00	10	275,770.00
1154	2016/02/04	27,037.00	2	27,037.00	27,037.00	27,037.00	10	270,370.00
1155	2016/02/01	26,507.00	2	26,507.00	26,507.00	25,988.00	10	265,070.00
1156	2016/01/31	25,988.00	2	25,988.00	25,988.00	25,988.00	10	259,880.00
1157	2016/01/28	25,479.00	4.03	25,479.00	24,980.00	24,980.00	20	504,590.00
1158	2016/01/19	24,491.00	-2	24,491.00	24,491.00	24,491.00	10	244,910.00
1159	2016/01/18	24,990.00	-2	24,990.00	24,990.00	24,990.00	10	249,900.00
1160	2016/01/04	25,500.00	1.25	25,500.00	25,500.00	25,186.00	80	2,040,000.00
1161	2016/01/03	25,186.00	-2	25,186.00	25,186.00	25,186.00	10	251,860.00
1162	2015/12/22	25,700.00	-1.53	25,700.00	25,700.00	25,700.00	30	771,000.00
1163	2015/12/06	26,100.00	1.56	26,100.00	26,100.00	26,100.00	30	783,000.00
1164	2015/12/03	25,700.00	0	25,700.00	25,700.00	25,700.00	100	2,570,000.00
1165	2015/11/29	25,700.00	-0.1	25,700.00	25,250.00	25,250.00	690	17,728,500.00
1166	2015/11/22	25,725.00	-2	25,725.00	25,725.00	25,725.00	30	771,750.00
1167	2015/11/19	26,250.00	2.94	26,250.00	26,010.00	26,010.00	510	13,385,100.00
1168	2015/11/18	25,500.00	-1.85	25,800.00	25,500.00	25,800.00	40	1,029,000.00
1169	2015/11/16	25,980.00	-0.08	25,980.00	25,980.00	25,980.00	10	259,800.00
1170	2015/11/15	26,000.00	0	26,000.00	26,000.00	26,000.00	200	5,200,000.00
1171	2015/11/10	26,000.00	-1.96	26,000.00	25,990.00	25,990.00	70	1,819,700.00
1172	2015/11/03	26,520.00	2	26,520.00	26,520.00	26,520.00	10	265,200.00
1173	2015/10/18	26,000.00	2.04	26,000.00	25,989.00	25,989.00	70	1,819,890.00
1174	2015/10/15	25,480.00	-2.34	26,000.00	25,480.00	26,000.00	30	774,800.00
1175	2015/10/08	26,091.00	-10	28,411.00	26,091.00	28,411.00	80	2,147,640.00
1176	2015/10/01	28,990.00	0.28	28,990.00	28,990.00	28,990.00	20	579,800.00
1177	2015/09/16	28,910.00	-2	28,910.00	28,910.00	28,910.00	10	289,100.00
1178	2015/09/15	29,500.00	-4.84	30,380.00	29,500.00	30,380.00	50	1,486,530.00
1179	2015/09/10	31,000.00	0	31,000.00	31,000.00	31,000.00	110	3,410,000.00
1180	2015/09/09	31,000.00	1.31	31,212.00	31,000.00	31,212.00	20	622,120.00
1181	2015/09/08	30,600.00	2	30,600.00	30,600.00	30,600.00	10	306,000.00
1182	2015/09/06	30,000.00	0	30,000.00	30,000.00	30,000.00	120	3,600,000.00
1183	2015/09/03	30,000.00	0	30,000.00	30,000.00	30,000.00	110	3,300,000.00
1184	2015/09/02	30,000.00	4.53	30,000.00	29,274.00	29,274.00	40	1,191,330.00
1185	2015/09/01	28,700.00	1.94	28,700.00	28,700.00	28,153.00	10	287,000.00
1186	2015/08/27	28,153.00	8.24	28,153.00	26,530.00	26,530.00	40	1,093,440.00
1187	2015/08/20	26,010.00	2	26,010.00	26,010.00	26,010.00	10	260,100.00
1188	2015/08/19	25,500.00	2	25,500.00	25,500.00	25,500.00	20	510,000.00
1189	2015/08/18	25,000.00	0	25,000.00	25,000.00	25,000.00	100	2,500,000.00
1190	2015/08/17	25,000.00	5.49	25,000.00	24,174.00	24,174.00	40	988,310.00
1191	2015/08/13	23,700.00	5.66	23,700.00	22,879.00	22,879.00	40	927,940.00
1192	2015/08/12	22,431.00	2	22,431.00	22,431.00	22,431.00	10	224,310.00
1193	2015/08/09	21,992.00	2.77	21,992.00	21,400.00	21,400.00	350	7,504,480.00
1194	2015/08/03	21,400.00	-0.75	21,400.00	21,400.00	21,561.00	100	2,140,000.00
1195	2015/07/15	22,000.00	2.63	22,000.00	21,500.00	21,500.00	350	7,593,450.00
1196	2015/07/14	21,435.00	4.04	21,436.00	21,016.00	21,016.00	30	638,870.00
1201	2015/07/12	20,604.00	1.5	20,604.00	19,895.00	19,895.00	120	2,409,740.00
1202	2015/07/08	20,300.00	0.1	20,300.00	20,300.00	20,300.00	10	203,000.00
1203	2015/07/07	20,280.00	1.4	20,280.00	20,026.00	20,026.00	80	1,614,780.00
1204	2015/07/06	20,000.00	0	20,000.00	20,000.00	20,000.00	330	6,600,000.00
1205	2015/07/05	20,000.00	-0.99	20,000.00	20,000.00	20,000.00	10	200,000.00
1206	2015/07/01	20,200.00	1.61	20,200.00	20,000.00	20,000.00	150	3,009,970.00
1207	2015/06/30	19,880.00	0	19,880.00	19,880.00	19,880.00	50	994,000.00
1208	2015/06/28	19,880.00	0	19,880.00	19,880.00	19,880.00	30	596,400.00
1209	2015/06/21	19,880.00	0	19,880.00	19,880.00	19,880.00	50	994,000.00
1210	2015/06/15	19,880.00	1.99	19,880.00	19,880.00	19,492.00	10	198,800.00
1211	2015/06/14	19,492.00	2	19,492.00	19,490.00	19,110.00	20	389,820.00
1212	2015/06/11	19,110.00	-2	19,110.00	19,110.00	19,500.00	10	191,100.00
1213	2015/06/09	19,500.00	0.45	19,801.00	19,500.00	19,413.00	170	3,324,100.00
1214	2015/06/08	19,413.00	6.11	19,413.00	18,660.00	18,295.00	30	571,060.00
1215	2015/05/31	18,295.00	2	18,295.00	18,295.00	17,937.00	10	182,950.00
1216	2015/05/25	17,937.00	-2	17,937.00	17,937.00	18,303.00	980	17,578,260.00
1217	2015/04/16	18,303.00	0.02	18,666.00	18,301.00	18,300.00	110	2,029,450.00
1218	2015/04/12	18,300.00	1.68	18,300.00	18,300.00	17,998.00	20	366,000.00
1219	2015/04/08	17,998.00	1.99	17,998.00	17,700.00	17,646.00	60	1,064,980.00
1220	2015/03/30	17,646.00	2	17,646.00	17,646.00	17,300.00	10	176,460.00
1221	2015/03/25	17,300.00	-0.57	17,300.00	17,300.00	17,400.00	30	519,000.00
1222	2015/03/22	17,400.00	1.16	17,400.00	17,400.00	17,200.00	50	870,000.00
1223	2015/02/25	17,200.00	0.58	17,200.00	17,200.00	17,100.00	30	516,000.00
1224	2015/02/23	17,100.00	1	17,100.00	17,100.00	16,930.00	30	513,000.00
1225	2015/02/22	16,930.00	1.99	16,930.00	16,930.00	16,600.00	30	507,900.00
1226	2015/02/12	16,600.00	1.84	16,600.00	16,600.00	16,300.00	100	1,660,000.00
1227	2015/02/11	16,300.00	1.78	16,300.00	16,300.00	16,015.00	30	489,000.00
1228	2015/01/25	16,015.00	0	16,015.00	16,015.00	16,015.00	10	160,150.00
1229	2015/01/22	16,015.00	2.01	16,015.00	15,701.00	15,700.00	20	317,160.00
1230	2015/01/12	15,700.00	3.63	15,700.00	15,450.00	15,150.00	130	2,011,000.00
1231	2015/01/08	15,150.00	0	15,150.00	15,150.00	15,150.00	30	454,500.00
1232	2014/12/23	15,150.00	-2.26	15,190.00	15,150.00	15,500.00	140	2,122,200.00
1233	2014/12/04	15,500.00	-0.64	15,500.00	15,500.00	15,600.00	30	465,000.00
1234	2014/12/02	15,600.00	1.3	15,600.00	15,600.00	15,400.00	1,110	17,316,000.00
1235	2014/12/01	15,400.00	0	15,400.00	15,400.00	15,400.00	10	154,000.00
1236	2014/11/25	15,400.00	0	15,400.00	15,400.00	15,400.00	30	462,000.00
1237	2014/11/17	15,400.00	-1.91	15,700.00	15,400.00	15,700.00	230	3,551,000.00
1238	2014/11/11	15,700.00	1.29	15,700.00	15,550.00	15,500.00	150	2,340,000.00
1239	2014/11/06	15,500.00	2.49	15,500.00	15,100.00	15,123.00	780	12,077,020.00
1240	2014/11/05	15,123.00	-1.99	15,123.00	15,123.00	15,430.00	50	756,150.00
1241	2014/11/02	15,430.00	-3.95	15,744.00	15,430.00	16,065.00	20	311,740.00
1242	2014/10/30	16,065.00	5	16,065.00	16,065.00	15,300.00	10	160,650.00
1243	2014/10/27	15,300.00	0.66	15,300.00	15,300.00	15,200.00	50	765,000.00
1244	2014/10/26	15,200.00	0.66	15,200.00	15,200.00	15,100.00	50	760,000.00
1245	2014/10/21	15,100.00	0.65	15,100.00	15,100.00	15,003.00	20	302,000.00
1246	2014/10/16	15,003.00	-0.64	15,150.00	15,003.00	15,100.00	60	904,590.00
1247	2014/10/15	15,100.00	0.67	15,100.00	15,100.00	15,000.00	30	453,000.00
1248	2014/10/13	15,000.00	0	15,000.00	14,900.00	15,000.00	170	2,547,000.00
1249	2014/09/30	15,000.00	3.42	15,229.00	14,925.00	14,504.00	70	1,051,540.00
1250	2014/09/15	14,504.00	-2	14,504.00	14,504.00	14,800.00	20	290,080.00
1251	2014/09/11	14,800.00	-1.69	14,800.00	14,800.00	15,054.00	200	2,960,000.00
1252	2014/09/10	15,054.00	-2	15,054.00	15,054.00	15,361.00	10	150,540.00
1253	2014/09/04	15,361.00	5	15,361.00	15,361.00	14,630.00	10	153,610.00
1254	2014/09/01	14,630.00	-1.95	14,630.00	14,630.00	14,921.00	110	1,609,300.00
1255	2014/08/27	14,921.00	2.9	15,225.00	14,921.00	14,500.00	40	599,880.00
1256	2014/08/26	14,500.00	-4.61	14,897.00	14,500.00	15,200.00	1,000	14,506,970.00
1257	2014/08/25	15,200.00	0.11	15,200.00	15,200.00	15,184.00	20	304,000.00
1258	2014/08/13	15,184.00	4.03	15,184.00	14,887.00	14,596.00	20	300,710.00
1259	2014/08/04	14,596.00	2	14,596.00	14,596.00	14,310.00	30	437,880.00
1260	2014/08/04	14,310.00	-2	14,310.00	14,310.00	14,602.00	50	437,880.00
1261	2014/08/04	14,310.00	0	14,310.00	14,310.00	14,310.00	30	437,880.00
1262	2014/08/04	14,872.00	-2	14,872.00	14,872.00	15,175.00	50	437,880.00
1263	2014/08/04	14,602.00	-1.82	14,602.00	14,602.00	14,872.00	50	437,880.00